58034211
3469523
52628709
6018099
53214382
69992161
66914337
44794244
96983523
8575475
322252
27573775
16754401
61829109
36635419
75884705
8524521
39959312
28790760
51303292
55043382
45382862
25033967
46626737
18796846
59539110
24069363
35552210
24131544
34342446
16706075
20952274
79178725
52601614
626002
63675645
19246974
6012569
80012929
70961947
24151311
59679228
86836992
23325623
90122816
56200519
25067802
52073236
47691267
56258422
8319516
7925436
7665328
9330882
42197357
57610153
92118827
10269498
40023674
74341683
93938683
98918623
5016148
61845206
28385851
94775762
148901
27849768
88551442
49112699
53165411
14384956
11099457
13720764
93877342
99349357
98315509
84431936
9909341
830820
32475257
60328159
33026290
50742096
23964932
55260755
96824037
15399762
38504628
51855952
22458099
76151278
35126450
54574343
40710309
35595054
84923276
77587323
95279846
81488250
36411666
77419996
56100215
64554031
80916225
74448565
45774694
56056053
1889944
55335755
79222326
55712743
88443487
72424165
28856077
39498583
8637913
94068933
11893921
75930463
65112821
62932716
63179139
43365936
71827779
58646667
5978539
75286211
65433533
88928743
1498477
44051215
52252790
62716812
32697131
77941479
5021564
76987826
76094032
65903333
49595497
12647245
6218589
17306426
35031860
74765446
26171474
16199384
43932811
52732654
77697152
58600978
2248792
56404106
68627238
45766872
15932208
72730014
15145749
78532236
54000701
92717893
38179114
95995977
96445070
37164681
86137179
56948512
59921193
63230907
5361900
23372527
94489684
18473636
28490471
68171601
46358278
92947059
48224605
17090766
46603277
32103522
91839413
19810970
16917667
51674038
43497460
24722309
91150416
36416274
71699441
91254085
45671535
42046344
98211887
71891123
63812116
98141485
98534534
52733288
21824315
9126747
24881801
44066128
71867164
51469980
42653576
53207273
59642623
59286016
89030346
67013830
71353262
35047420
96856255
19083323
79496625
15106623
26492785
98233279
78667928
12116425
71525194
30840498
49612298
99267926
51338343
2800860
82040085
21050407
44365255
37886084
5445962
51612599
91184513
3311960
84396829
47108072
67781583
74851998
48920455
7215088
31506160
32759252
16349873
1212427
42028096
86758754
58010603
59336455
