59336455
140734963901104
1
4536876104
140735468787240
140735626144060
140734557930368
140734963747058
140734963873568
140734963896104
1
140734963901104
1
4536876485
140734557930432
140734963724426
5659509968
140734963901104
140734963867824
140734963901104
140734963867824
1
140734963867824
140734963896104
140734557930512
140734963724705
140734963867824
140734963896104
140734963867824
1
4536876485
140734557930704
140734557930592
140734963749475
140734557930704
0
6065402544
1
4536876960
4536876534
4536869296
140734963896104
140734557930752
140734963755545
4536876485
0
140734963823280
140734963754880
140735518134777
140734963896104
4536876960
4536876960
140734963867824
140735468824320
4536876485
72057594037927936
140734963901104
140734963754880
0
0
1112
0
140734557930784
140734963670437
0
0
140734557931120
140735518135005
140734557931824
4536870024
8351744
4536870024
0
2
140734557931824
0
723401728380766730
723401728380766730
0
0
-72057594037927936
0
0
0
0
0
0
0
0
0
0
0
0
0
0
0
0
0
0
0
0
140734557931824
0
0
0
0
0
0
0
0
140734557931200
4536850150
140735133985904
720575940379279360
140734557931392
140734557931152
720575940379279360
140734557931392
140734557932240
4536845888
0
250
140735133983480
140735133983480
140735133983480
140734557931416
140734557931392
0
0
0
140734557931392
16777216
0
140734557931824
140734557931392
140734557931392
4536870024
140734557931416
1
0
250
59336455
4536869912
0
4536869952
140735133986432
140735133985904
0
0
0
0
0
0
140407472128000
140407472128000
140407472128000
0
4096
0
0
0
140735133985392
0
0
0
0
0
0
0
0
0
0
0
0
0
0
0
0
0
0
0
0
0
0
0
0
0
0
0
0
0
0
0
0
8
65537
140735133995792
4098
6
0
6
140734557931416
140735133985904
0
0
0
0
0
0
0
0
0
0
0
4294967295
250
0
0
140734557931392
140734557931824
140734557931824
0
0
140734557931416
4536870024
140734557931392
140734557931416
4536870032
140734557931392
140734557931416
140734557931824
4536870048
140734557931408
140734557931392
140734557931416
140734557931824
140734557931824
140734557931824
0
0
140734557931392
0
0
0
0
4536849824
140735133983480
5332331113428898241
140734557932416
4536844261
