58034211
3469523
52628709
6018099
53214382
69992161
66914337
44794244
96983523
8575475
322252
27573775
16754401
61829109
36635419
75884705
8524521
39959312
28790760
51303292
55043382
45382862
25033967
46626737
18796846
59539110
24069363
35552210
24131544
34342446
16706075
20952274
79178725
52601614
626002
63675645
19246974
6012569
80012929
70961947
24151311
59679228
86836992
23325623
90122816
56200519
25067802
52073236
47691267
56258422
8319516
7925436
7665328
9330882
42197357
57610153
92118827
10269498
40023674
74341683
93938683
98918623
5016148
61845206
28385851
94775762
148901
27849768
88551442
49112699
53165411
14384956
11099457
13720764
93877342
99349357
98315509
84431936
9909341
830820
32475257
60328159
33026290
50742096
23964932
55260755
96824037
15399762
38504628
51855952
22458099
76151278
35126450
54574343
40710309
35595054
84923276
77587323
95279846
81488250
36411666
77419996
56100215
64554031
80916225
74448565
45774694
56056053
1889944
55335755
79222326
55712743
88443487
72424165
28856077
39498583
8637913
94068933
11893921
75930463
65112821
62932716
63179139
43365936
71827779
58646667
5978539
75286211
65433533
88928743
1498477
44051215
52252790
62716812
32697131
77941479
5021564
76987826
76094032
65903333
49595497
12647245
6218589
17306426
35031860
74765446
26171474
16199384
43932811
52732654
77697152
58600978
2248792
56404106
68627238
45766872
15932208
72730014
15145749
78532236
54000701
92717893
38179114
95995977
96445070
37164681
86137179
56948512
59921193
63230907
5361900
23372527
94489684
18473636
28490471
68171601
46358278
92947059
48224605
17090766
46603277
32103522
91839413
19810970
16917667
51674038
43497460
24722309
91150416
36416274
71699441
91254085
45671535
42046344
98211887
71891123
63812116
98141485
98534534
52733288
21824315
9126747
24881801
44066128
71867164
51469980
42653576
53207273
59642623
59286016
89030346
67013830
71353262
35047420
96856255
19083323
79496625
15106623
26492785
98233279
78667928
12116425
71525194
30840498
49612298
99267926
51338343
2800860
82040085
21050407
44365255
37886084
5445962
51612599
91184513
3311960
84396829
47108072
67781583
74851998
48920455
7215088
31506160
32759252
16349873
1212427
42028096
86758754
58010603
59336455
62798804
92712646
5009504
7581651
94415466
7920498
98976131
24340469
48077238
69801695
35441640
74224888
86877934
62345299
98511506
78544110
66981121
29586816
10568038
983438
27504586
63655853
90066297
96716645
82627322
6472359
73592489
17877112
8413683
78644722
95221163
25033872
71934209
99855650
160330
30602193
95187975
43992516
69823552
25933839
38183563
97266646
80488019
18866572
68962014
5564635
68704610
49240420
76546153
29214553
52435402
10404693
76217448
55727142
67494021
94886381
70629180
81337993
97250038
68777905
96157456
7867053
46555466
63751802
8059413
34377607
41234221
87176726
22877584
58984910
37362675
60280899
55644551
36331903
32031906
26158962
64135230
3012625
11586193
35468284
36181705
51741524
3657144
60525599
88436783
83564718
56742271
22781152
60026886
28593069
26450724
65357051
88758572
79798633
25911723
14154856
93865432
96316858
64887000
90051069
8920071
62022598
45201766
38947243
7644065
91080093
81616559
97061898
71117995
13550601
69840651
78944046
42919106
93056834
77242656
61317773
28040906
12817845
35883795
93810323
42376266
16397275
26120857
36616863
92703552
64368148
74843079
10948492
78591932
34062026
53963376
22444716
48198439
60739507
77799572
52573818
13827359
99771934
81385635
98306686
98396725
18769745
37330929
10932619
39694046
3669646
48272183
14154557
25037506
38032153
72128250
20489622
5330811
20889375
62403368
91402792
38753832
90964934
20967423
27057801
99544955
51574739
42402642
48247777
56346089
4269192
75005954
70228929
82999203
1591723
4631037
78869398
32744566
27092728
64202180
1706215
9946421
80759899
38030119
29767463
10376524
639680
72030686
44056774
53052243
83155442
51757088
38112568
11250368
72743406
7411141
34864866
63032589
97732199
19140410
10374080
25896220
5808272
12076232
67700567
70893887
44715452
93106469
21555801
40821198
49448134
86189266
86614521
99916635
51349490
38483994
60777533
22398956
32852730
59569832
88617504
60988772
90752801
54602293
96182621
28417032
97926925
18058768
70561660
91666419
332116
17036366
75492476
15373697
11613451
28264889
70301302
73488870
26572975
74609507
14065535
75970553
87498687
65490454
15850253
99528811
24158869
74577585
63769873
25779476
96000398
88489847
20921391
37164288
6649764
30035468
45617490
63137228
53504099
92604998
12446473
77918048
38878156
45979416
92815689
74009949
61053410
7682080
6659365
76740452
10938703
69147885
53176018
2991465
789193
14427909
2315477
11166448
56144446
14516332
83625626
71468172
29874063
58215044
56504133
77639878
61251593
45726803
7871162
11662609
28402221
57881760
63479050
54648074
43886939
57919811
82421807
58956451
50123480
94000685
39131141
43255841
37567668
30360058
83926616
94798625
33734605
65205212
90181786
2914414
43779766
37548610
82979575
78286452
8344557
67720801
26670211
96027940
79917051
44867438
1460799
13569513
93861848
72168006
2691065
62323474
70349091
89418427
83650266
45024046
92725399
66628457
16259755
70158345
91672462
11974594
93739462
41907041
70109747
18393344
56884007
47685891
97412411
65805992
55024203
65217295
2671248
44765229
40882635
49758580
71884293
67399577
98279346
78513960
82140998
47496070
36680144
348977
60454402
26678098
82677213
83783224
82108945
99983162
92539322
99071117
40305225
27238914
41865039
56010711
24007191
90932361
61274253
3004876
37281747
39331578
82602426
55154848
57882362
87969735
64393255
22045679
93510148
7826305
86752335
49738698
50837579
26967285
30482858
25606597
41374965
11422516
71001101
79770144
84632378
25343100
55100173
69608124
27890405
84263041
5677614
18207899
64331396
77192145
82386436
43619088
72539412
60841676
22078702
26345279
10303996
81797732
81032851
52189385
32590279
12481444
23683451
13377419
11907615
94913659
22417867
39635942
48142376
66032812
39289843
74147790
2798054
15218203
95313953
61228806
97431365
69776399
65479806
82208034
35499367
90658140
7424489
89688980
48818432
22434374
91908283
50187382
60388642
50778930
20954320
65504590
42399344
13965872
60894031
86928329
59065486
28593863
64771068
88551805
76804767
25783439
50666237
83880243
308684
98136567
31210451
28398792
3824365
1937797
93579242
71675442
3998871
36610403
50164950
54872136
57441050
18143033
91401080
97062797
56116734
60346642
94986391
18769373
67065937
16342848
13946564
45700065
75078937
74286946
30428477
88834385
58126707
49254012
70115393
91686224
12807494
42830985
44212490
68406382
83801317
84210547
7059571
39533922
87982205
95921433
52564028
21756701
31291912
56935725
44239206
15383179
26932185
88401343
3292593
21973039
8706966
62126681
5417860
8048643
746876
10642727
79685968
31492206
14090270
35357065
15728545
5157199
89799522
28795741
78590858
34409871
20146273
72066867
88869365
95042892
28079558
13751153
49126310
73710333
88809844
8790889
20225205
97756716
97123030
31482250
23515919
27200742
44967233
26271091
42546557
9241020
92140665
17918926
33437375
47280008
42407354
33247245
86288032
18630905
19218054
89300816
94168244
68492806
8885822
12663972
61750979
82380886
80019473
51868910
20654917
61175625
52031320
46577093
8870714
97259092
63718603
28635493
72557904
57914227
57666446
41747025
67417549
26256437
55313975
57825531
19614363
84488582
7661404
95839355
92691502
52965613
31957026
7878162
37138567
67519691
42929145
17894487
12268683
31429906
85215389
47362017
58284364
93181974
23750966
62431430
12765003
45092453
41089235
96011888
39355765
27408694
53865649
66844806
25740962
55121289
93210598
43760314
93222139
40954574
91204067
75112110
28075500
2942859
131203
39650305
2646509
10891131
11775210
27634662
86309495
94637232
85065901
83574515
97170861
67320997
3058643
51615062
3508371
36705017
23477435
64719620
36452537
36618221
50940622
12884148
80615414
62649558
26155042
70633235
91634853
91691204
94670100
85761361
39881559
59864010
37490256
46106305
26772299
75796814
16237760
74576982
16892520
63914768
25513111
65191311
4331610
44249492
69689474
91697027
39711229
46863710
23026625
23298137
42576002
25708035
83769717
60499392
21209525
3385509
37585447
74497725
71851792
77876562
14404468
65723785
68622113
1303393
96616349
43100849
1177383
4392494
50956955
23473466
22873723
57306004
87612082
36250997
15789325
71964595
9226056
30222150
60255151
21339790
40112246
95626434
21392312
91519403
1528530
58417465
62772687
89803049
34898625
12213162
44089458
91752957
91427723
73649873
81117486
94694274
55370129
62252739
76234635
53205506
90113050
15675407
65069162
64504074
33688277
17021838
99783320
40053033
98312516
2456083
15015216
47577144
33250078
47813424
13735098
26127051
57333989
51226720
86960255
62541184
23229631
70909780
7573020
67645125
46446591
80020468
64099700
31457400
20259027
51572061
62472271
4171675
40867881
98519243
53711589
36121134
81010327
6941028
38397059
14179259
95055779
72654437
52427723
73601461
32870617
50598312
24944112
92181383
72083989
53145234
27923737
38541939
71552199
59914793
87791364
29027296
1363298
19199166
98303536
16911613
50167307
45919045
49831474
57428061
31626845
2901555
9370996
9138237
43361888
2311084
35460282
7084656
26070202
35805159
13105543
65744524
39342097
73177614
56196454
49193545
27368389
32732847
30265103
82138957
95016995
88771217
30665470
57092893
9208996
5679614
13816173
818176
79000474
41156247
45507312
51432975
25307050
45312340
52744134
96247759
88067001
59444067
54150016
2211044
97418521
76542436
94656670
80294726
42757233
56784845
47719326
74277071
40788613
29112041
89060281
77803726
14017380
53949400
16602665
36861938
67249333
31779034
48993261
37450186
21350358
43012300
37099583
19398621
62331951
85746869
57106602
61076945
22452605
83147547
9016691
55870709
94552404
82518168
67646229
5930690
85086919
71120322
21615403
59694976
5426101
73258225
55309603
95674878
38870969
80219925
22517698
90287722
47893682
96180835
18681968
43141754
90192413
61131944
5958404
461016
47019413
70162877
61543839
18301067
2446509
50945902
32896144
77203700
48146047
70739373
45253079
23962402
41241257
47450506
59967533
75163201
99361634
89815121
97961620
85695308
66431304
12904416
9871271
18873293
21980491
79563475
79435215
6888616
58392387
95700094
8391823
59224058
54694145
6699050
7142217
93228974
93054780
32833013
41852028
15610399
22171720
660116
15053147
71322145
90223468
2297994
62585229
82609609
31947529
97349725
70280761
31547012
65133400
59551388
89761706
5676032
89258632
47089611
79169207
37645380
5896363
2132381
63796950
942186
51491054
3399458
20385895
62234484
87146361
66901194
82786939
66775033
55283873
31046720
87419374
28562305
26493357
43250186
4134003
62501750
30681473
15164932
79009977
51888940
51978624
57835002
86358479
91016645
95338499
75214094
32133808
92864535
14448232
38889126
30584500
92312383
21324721
75013802
36780607
75293973
18655672
20401620
13546983
38208903
67995503
11596952
9907539
83143598
1588170
74195415
67022690
63315018
72213082
85856669
12385640
78709265
72489623
76117495
67716947
32145950
11992126
84735738
3056142
57893716
49487190
90235321
19531375
45650738
49004005
64567152
869174
16280128
26859285
54450764
78038598
2904431
63138644
9520547
22490687
48491551
69519433
75592011
10784441
31158346
16594910
27297411
28311694
73775517
22595512
27701524
36719380
17273706
48366096
38197520
81370696
59780087
63803340
8924083
82566785
8462395
94302327
27693059
52341890
86910452
49066295
30429826
18268935
62038641
76321876
84429835
55279088
89686729
35439545
80408627
29509305
63945746
14359344
54040604
83912779
5865147
24457763
23011849
17003188
49319549
5233782
39119702
42131319
48596881
61377365
78027942
72170953
80440898
71935294
53560708
24732350
12855396
4562285
19926839
45684155
15156472
77774995
96427426
39975735
8224832
18689502
90978081
86529706
24657806
57056535
85338115
337011
49728252
76691356
84709476
24544962
80950524
33874188
50205561
40273329
74021585
15604951
25861255
71569794
1560751
60604466
82103521
55826774
91537298
39356054
23745350
79601085
91872842
97759986
11407350
1262827
5062952
28597280
15002213
1216172
70283056
9101785
95212430
92158925
92893095
2285124
33535897
44401856
64767381
22897444
83714497
71407701
81724933
36075966
35886271
4754677
22676443
37174108
45983513
35309376
84635217
76141004
31420612
84019670
73445853
98328371
25203331
77726188
33129709
42932127
8447876
17492580
44580379
57209522
81844045
72990163
22737103
72387552
84219175
44286812
3394250
44395773
53677093
91627968
64635676
58866252
32480104
87264113
33102185
15985049
94534128
53608485
78154567
47867586
25427943
54448951
92638615
11644872
80446014
8085881
78267265
26214304
11321369
30273980
56535487
46287022
27993960
93800673
22971874
59028507
45969394
92824403
72851926
17784039
56402226
87848331
62248829
45332442
99563487
90913059
74076347
95649729
81355344
86275586
41850264
25070587
86408946
65235121
25433467
95705207
69025980
43024675
82669115
57619494
55256145
64320403
65011192
82319077
94924767
84881219
93812056
87297929
95804514
25317629
46383138
37412550
50324411
87304916
10660381
93738465
70953273
43316979
64340280
17591725
77884009
75861093
14891155
69708297
117598
70088648
89492382
64138487
66439768
40040987
77317245
95497956
38726788
42395038
18704821
47019846
67899977
73076010
5014500
67672740
56783371
26653224
49884437
71339104
66712347
27362110
50243139
97130562
39080916
81125608
23503243
25162283
69531097
21460961
62332169
35666469
64659430
37217295
22373167
24376793
46350991
18483786
53611247
88739230
97371197
79950057
95600371
47071479
25642495
97340280
72054561
61825805
46118294
5349426
14585236
58173408
14408762
55159115
19742527
4596402
84275266
99482817
38178948
59658198
69537050
56292446
69451468
52522244
39198647
5642939
73954143
56158868
30301413
30308008
22157913
41440510
39497127
84278438
96358078
25649502
98805999
11411524
88577688
65587978
89844195
3798716
89103588
61849079
35725609
27618095
17283841
17150404
39314617
89681316
69021998
90165776
28160058
59499613
39431915
49979752
39849557
76489858
12985939
92573755
71529876
33146024
38079584
10976076
43470172
19257188
40677352
75131039
21256080
4985970
74943875
61352755
75148267
13108187
30024501
94173963
39823084
13798569
77934735
2469680
49870163
84447307
52850819
96650576
54709208
53095191
90958768
6454902
64979552
22882621
42188938
60819490
13530747
4015201
15566488
41778594
29693068
92412792
46487381
45203799
42011547
7033514
55634993
32677150
9780627
46522217
1191660
68440428
46092671
14487682
94289474
38764057
7558277
85835655
42184167
39907766
72924278
85920360
91832384
96744620
86732474
39165251
16327736
6755718
45138558
10767072
18991453
16519236
18579616
88921993
12868432
88530149
56393007
83634107
23668805
69098730
81272713
37227849
85791779
34242806
78981474
6420238
38044737
55086751
18046374
90614593
21997219
95826092
57632053
39990219
72541088
39723483
90805699
89528289
75548909
73222549
3385846
287781
88732442
74998883
99690836
14704094
99342824
98740571
65847469
14722667
48809391
37709973
75032265
90948430
81335124
300810
50895710
41211374
41451998
72912052
32473011
92603693
76607755
7191799
66352374
98500961
28954551
72881821
59099185
35511623
37848447
63141674
12770317
56339200
96903337
76640510
96246133
46881978
95594352
47244121
2227441
72952330
18528458
99254334
75851972
86320863
74272085
50624224
17474527
38383098
20666980
1919384
47806915
37770576
97775875
81295939
33142026
85497161
62451522
79444268
35788706
80080338
68253946
46942933
96048764
88234430
85526470
43110819
83849120
68160085
49190095
31351068
97531218
19148164
78763780
59244547
24991508
84512655
29130469
57575629
68425182
86313386
97922474
96802686
88044121
21254913
81139906
4480839
82917046
2278734
95052364
36679413
1798571
42198177
22739910
26502343
17476679
37619038
90361175
95739713
77903297
59037154
33449384
89157856
34284788
57850776
33586458
76711192
52050034
40783533
36742894
42035448
2244304
46240486
33190113
77689537
41258095
89328504
25771585
52195463
95752469
8920770
12101012
11403665
59826151
39249994
72532517
22858255
35367334
1678839
26906611
71314778
28655559
25096289
87861537
16761590
32223749
43519526
50862480
2082732
33423737
11253265
59754685
39797541
90451251
46997357
50766608
85723199
7406617
46562917
5721748
64115685
24814481
29927919
19989264
65030446
26632546
80196950
2535650
6768813
45759343
58420065
805918
44313478
23362478
56934347
79787420
28722636
70380185
45918763
36130527
8645861
58044221
11570303
96178117
75273759
8142106
61419492
10283396
57152328
68305189
9585398
94145102
77774860
29384838
8660699
75816551
28107914
60889030
94403849
69749204
3810689
36219367
97026334
14288816
54013153
16363578
35688131
28791532
93022942
82676819
62944933
31263497
51364283
62729090
24853319
66961551
58208763
80110275
33555238
54013061
3804168
80511902
55987886
78261371
82686313
26950845
81917674
1370534
11220223
33343024
15727990
82228516
71236373
32739498
48529509
43883951
90116623
38078681
83594178
8573981
537809
86075849
56691565
12851241
33019490
15666241
62288174
8609897
48352044
60101095
46012099
69256799
27703489
99765622
62918138
56002911
99439575
52317081
43714391
73157071
6478219
49301728
19169597
90906159
20289752
44829526
22678834
11748033
56764647
75063348
21949086
13286335
99797772
65959947
8653852
58710426
7531764
80313058
70285920
19545028
73950028
3062882
53377761
57186188
35176567
16383980
26708970
14749196
54890127
60121285
24502415
62675867
63121527
29986049
9495862
72611534
43097830
79148560
23062729
49098048
80690478
4351984
48950941
5739888
97253460
98902613
83118291
62833200
73814965
33466567
38694731
87327853
59749128
83959641
65042948
52449378
36852896
81079156
18003391
21460099
94850271
75519560
21329732
79468662
84297728
1283853
57179567
6503199
61045926
5654215
84148375
96121674
26292507
65909047
38725625
23340684
26070353
38002211
96110908
27523035
34498994
19126797
37379005
31335873
79167627
6472113
27177651
41855135
61882740
3101886
85638469
25644077
92802999
11295428
34940821
8466404
92456680
7975614
40589314
9377011
64380023
12710893
32232912
77226505
30326892
19358734
7631655
53980106
14153069
64731642
52461956
72341112
66025328
63176953
63972277
43889797
33431030
1024236
12151919
81594296
20025129
63196226
35224328
18988421
51458971
76727306
21635018
17217671
94603967
74859835
84356844
83261448
16112561
83652997
29699800
62565120
6061784
32753259
45961854
37397387
49368011
95137556
62797671
81482854
18003861
94416791
4821402
93224874
25832445
38794123
26397612
62917729
96079782
48890353
69667244
22547610
64201532
60069902
65632292
69861962
46071192
71601163
54283628
1735237
74779567
54626094
22781567
1230625
27425911
6751353
32148544
76231242
92747369
41880533
81286844
24165726
51126900
91608928
58389691
5012673
10393801
52827298
92387840
63989750
98400791
10464235
60496465
26298728
14884711
5664148
95372783
94814394
34226881
22715297
81124630
72384406
8750254
49766113
26513913
9752441
40304172
48577217
32677116
39087551
77985218
31572862
16514588
34246047
93608796
38109172
90473982
68559111
81733862
73160734
66446077
91642564
28778312
39114598
42453743
74582095
3148792
10399312
16757599
24833722
714351
53519373
71960928
66227473
99566094
15164530
98789608
75176834
40796825
25688217
39628740
24075097
61986497
72739511
94469940
59758385
33640194
77024532
84320928
85036399
17863636
43355317
25906004
6612497
88681879
88992364
68480717
96083995
38064806
77429548
19464607
77543178
18293295
55024952
5950733
60458393
73993084
905265
57974102
338953
17307587
20821136
2282606
77858430
65922695
3548592
42743595
48939271
79696562
72880849
11367382
62453670
70344479
43051221
48764318
4134101
60219142
64646958
57706441
75782724
46574778
13632977
13867645
34918868
46141451
17753706
44881926
7461209
23490045
62922899
38053834
68272602
75631502
92665054
25146375
48461352
36563978
18098687
51517507
14824595
45259595
79114518
78844449
26973565
28088808
66548957
62344020
41441560
49141994
69403294
50072436
85485900
53204100
93679130
79578151
73613155
27622855
98651276
10963768
51398390
6482544
67099831
4470730
30495312
34599683
16688418
30990153
64120967
16761918
61410812
43410894
65009457
37376127
70826703
69330685
4024883
93192671
82485683
2069251
34695922
77835228
52516042
20342312
55225002
96111579
15017497
42772963
33606153
13105155
96205006
37434062
27074175
1016378
88022981
96186867
24489565
1205131
20326638
94822941
77950580
86577966
87413596
62817406
47691413
63599556
70581822
75131213
96805509
75773247
77007457
47931077
35112552
16829466
32672371
57097392
48338804
70362484
66532120
41527780
49445006
89196614
97392477
25423412
38473063
40580253
79019696
93148255
88352847
96408417
73353192
21019659
25190354
39488097
25321504
76778097
78201859
77697229
49380367
74721688
15079909
46733340
23886822
2480693
27055997
47491766
29137050
246438
68756968
60220826
2578437
75789871
98322649
3106055
18063569
32523522
56872990
84548577
7394899
87397041
85642023
62999954
27432952
97968225
51683503
90206652
15383661
68708842
50017577
50924616
86000726
14793431
30603290
74764905
79078752
75319809
46799313
1792898
87369244
65608313
19134056
60892226
88489039
40225373
33768072
98934404
25711961
75511289
53142027
67811831
57982783
47489161
42214857
39902265
26269958
15357853
77054313
85489802
6639288
42617354
75725160
7327043
2167533
55781406
6822611
71940128
84299941
59918045
9211685
12438841
48942075
18760489
71328773
93986356
11824657
76311295
42831364
19622004
38432903
30599543
96611150
22447457
24086104
53479188
20253788
78034659
43775999
64300449
32908675
76397319
41464584
12068198
2369096
60825136
74606915
87490935
30360588
94785686
14365217
95048323
86074100
17904638
52358689
24136714
45468037
29457713
24558997
82620595
59830685
66200652
41989409
61484490
48856353
98106270
60556249
10955947
59622106
21574802
42878686
45259002
1912033
51594056
63357531
64310259
36233147
77442143
96258031
82360068
34866106
68050458
67365627
9698765
3223945
5717589
65479077
9549956
34375397
68321863
77379493
11180604
63921125
3002357
8691918
64629465
66418564
75469754
68007637
12167510
10550962
96448950
48328589
19755337
63597425
62287768
84812542
13243839
98703477
28352820
41635845
50813952
32950639
1748247
40944592
93501460
9500603
28420570
92261286
51469433
9125594
91806986
59710385
21362753
38987841
80708218
44566435
95491605
89895001
68435618
87096055
58255551
47337489
68228144
76393974
84007650
98062443
93340793
15830894
71063886
56073651
68522991
21012427
81463151
88380491
8770745
71682692
24391155
47350326
9312292
43504120
90466950
20175944
75297764
8748162
17012092
24899835
78342366
20454400
99605944
90798306
29580291
88190213
29230343
52408563
61458751
52377931
36650498
33668388
10315319
38996235
7677517
83530756
81806668
17384490
9108550
28587110
42316028
49942483
54933436
30061707
13124112
91490394
30030047
28376647
76167012
70177417
53465760
47949507
92628162
72127931
9816487
99114628
45228113
33063360
23118004
15482265
25083264
56955605
22921575
24167192
12886387
51177272
49529131
4592888
19690251
6217516
14400288
61033051
8686723
14260579
7075683
48300562
11159508
58222736
39259867
91096164
44799604
41416496
35922173
86806574
97019292
20336486
53280005
25725634
64385279
94768513
94653693
14270283
22731272
85644817
7176485
38222937
14323511
14210173
45418639
53300239
51363257
84646262
74141323
23430373
40589800
6343252
50120410
49776211
50716100
46064858
66980576
35381587
10523875
73498385
63522052
26795603
13097549
45831376
20595142
64097995
86858592
8838099
25065894
48519097
54361779
47559669
71283563
39982959
43622135
35763414
96175160
83700846
62355796
99407726
69172134
32108577
37019811
22650032
68441587
72733531
379691
77278910
65250571
38225426
21566544
44067971
54012782
71902529
9021548
92014370
61358737
12667084
66740213
90697132
45617310
42414756
87849326
70879038
59501596
61879959
88849406
88682148
58527030
72356590
98036952
58550771
81926927
6173191
28745952
28472926
58551852
6353475
88491397
73361533
10857757
53604696
92647316
87888484
41856618
94648963
44106198
10978903
35178444
24493349
81491452
22657525
1676945
5640515
44223011
78754389
86605265
27583313
4294394
48564789
78663693
26413503
71286018
14231094
74033546
42836336
28744943
89909578
36731244
10217368
99050051
22345104
66436574
14318928
98948945
10432755
18456397
70443445
70197142
78814964
48526424
59656163
49626399
13147527
56863542
12322599
8745665
17031603
93079299
93100875
42546449
7272377
43102198
36164116
63142663
37814643
84936932
23488183
33200937
68600368
59517751
99245732
5638394
15658768
86915532
81531235
47836971
67578079
86895185
58243889
26794251
28451712
21276854
35501653
79326906
48655660
81483680
68911062
1652345
54459766
23643645
70186124
57699848
52782776
15345268
326458
82070142
39303998
24899215
7757215
52295556
54882004
89240366
24093321
6510583
72932392
86644183
70800210
71170219
34692906
60259363
92091802
86811235
79684357
99429332
53838476
93455983
46830
15245224
32352191
80733948
21639224
5772177
99355940
72983529
11521526
58174751
76780203
86210697
24140945
57365840
95744842
32362984
46851667
16497626
74751139
11149662
19025750
45836296
35945079
33800903
69766174
93711809
37708580
4392877
312426
38782196
76054683
56834923
43488201
44324570
23211201
9909561
28623371
39950567
58688400
79439215
93632521
52436332
30525596
78764167
20884604
14470033
499435
99280292
89519012
91039621
8205898
67666407
79909996
2736197
68627464
67047326
89416973
59527209
3287337
61009837
49520411
6024735
3261722
3352187
25178564
68291114
25967405
93782116
7730453
74201759
57172309
65862541
23297149
67468710
40556866
65303474
90782728
25365631
17578195
75436245
84522424
38268540
6571734
629057
66394227
44614860
43554414
7839829
75775055
35380579
44613206
37648426
31360334
75593078
93114639
32212101
42652459
58166899
4663841
71716652
9828077
80888930
35550984
65550582
66365108
74926206
32089336
72319165
14794203
11211230
23619529
18171076
79818568
87793124
76516312
4764727
59668517
16048810
62348229
8335526
54187944
82659543
29382740
57037674
86253187
50869356
85546726
97349083
98045563
15101178
41348683
92299101
99508985
2293149
25259068
55682299
52585624
51285180
36679823
44817702
82561613
75704249
45225173
98821810
46906385
56240039
56343698
73784011
22652784
68776385
46139048
59036382
67995852
59987086
61784553
46726794
95062647
29436669
92577611
83563580
91888549
88398063
78363048
42123508
2129480
54625647
25541474
9298324
51103339
93457729
29409079
87700890
77301277
92079873
9615164
81710529
4674214
16670444
99493912
68952467
86931369
6802010
56363910
65086712
2705935
19628635
37336767
7774115
74573784
4151980
72751119
56940449
570451
62859267
9610964
70748148
37285289
93279579
46175347
37505637
47925258
16883172
94879924
33626913
60789219
35023023
58321726
24730543
61290480
57425331
41918269
67861165
79520622
68937587
28897676
50946025
6150680
77435520
68722485
31450552
13208847
77040595
96462841
49930001
22323013
42604478
94014697
68393659
59778661
56258659
5108362
61911962
20697490
96091176
47665817
42895494
93746358
61791151
26407159
8154692
61889075
24020123
63307946
44483862
434157
3259036
67289404
45615594
81065249
20214534
31195833
43492175
66464223
52170
79565399
81105026
55128618
86044396
22446833
23951081
64665578
73708687
30794937
3737510
3311659
91419111
93559668
81115145
13210739
26923829
14864295
28432843
89272573
69543159
40040918
52097483
91337676
62795218
31044173
52486370
74136481
43571830
78488909
86922374
63119241
12838882
9991798
83764640
85312237
57738933
38446797
22900064
62100589
16569735
99546076
18454633
24253684
78349250
8645125
21127763
61525182
84549307
36665847
3030383
33469065
93560077
1579145
42997914
46445612
52938402
3909535
22442248
8614056
10702685
42929283
52346740
8071931
68136121
51962699
64009092
32994850
91545960
17778260
6117827
22557425
77051816
92180662
94132128
89978464
8903330
95755108
16647289
8464464
23926435
4714282
25380864
853605
83486547
6090409
4232994
85595501
65835384
10159999
77393616
36537414
26972141
31247402
52000031
31118192
95591644
97213101
40717656
74002851
4850346
26769557
51558809
86719953
81585383
13014360
67769058
23912504
9079914
70791574
82250059
7893838
38206873
99766409
46157676
22588992
67723771
86749916
34464074
88979608
6734782
16456062
36194320
28425683
58737521
18957633
68373218
10679630
3727412
27447667
43403924
63343675
12506174
15036815
5277623
25072080
55648368
52348728
97401628
16688159
19036510
89691001
73228350
98539203
7726113
50867849
49393969
58882155
94530257
1276179
27069272
46299392
89967918
95445207
32614170
75225685
10869176
17282887
70667831
24950458
55055685
2357029
15596994
62840127
21627179
39942272
25763207
93788085
69035980
99693966
8153411
39105953
81634761
178694
41083855
63057336
38732982
95624496
60906741
76327648
86428265
84037557
82800076
41542779
17118831
61790083
23409213
18141765
5948419
27163103
89817394
23923881
30102659
27868288
78479764
5436006
61552354
84453307
39660720
34968209
61555565
24310993
52171952
44360559
81448410
29787848
24741418
81842203
6042616
67536405
68904249
10598937
57520327
74157789
82680374
83928889
84657544
72660502
19267608
70748834
31669905
58602283
60236923
59285056
93692462
12701115
51090744
79793428
81136332
92105942
37080852
67274701
74423064
2475688
45630073
831531
43264044
83801004
20392816
63758733
96778254
39217558
63675621
57064210
74717643
28643477
13810517
89623607
23367819
79957765
51364334
94055390
9432535
51569247
4402276
69571539
63361070
91899669
6716061
68979426
23022574
31294177
57033893
50607276
35299585
41948374
27139627
59046670
6875178
81205460
5739948
71246803
25241564
24141792
40768627
32344959
3460913
82270048
46584511
44267302
53345106
11259863
99140095
97741574
717811
78520166
57055954
2837192
4972455
58752052
83380045
39148436
42671082
94738205
90540919
70390183
43339805
46654785
88594190
4114465
49486989
11465561
39547995
94758740
79631491
54747058
85264140
74618924
1729146
53432562
80626576
96752920
60552196
50614221
75099573
46393749
51112253
5283455
63824900
13386375
75431649
27580154
59515902
56171489
74230865
80941031
14299664
9483357
41201266
65055863
57967722
3876881
29359694
62995253
87710775
14312299
88230735
12752409
57834637
45665833
71699592
49585781
34662281
17796337
74953023
97947244
7383696
6250554
46821224
93126920
49311531
58072765
97836743
85998642
9893040
55310530
73494090
31248143
20791959
804931
19746675
81242897
44296092
55201350
84113483
11851491
9201654
86793016
63555233
25290479
63897885
65184853
3427806
77755453
26633291
43223249
92447047
27629258
4089255
21464740
55872474
4308885
22393932
37289412
7942726
95704296
50724932
52977590
59010915
33757346
10871349
45512113
60337983
3433671
91725330
66399435
37744027
28280066
16263357
74846891
70989040
62467336
59920990
33784409
38072951
55086202
60545663
90347903
91987292
95547650
75175919
67806096
61786114
66265103
38319059
89488468
38930581
16570347
42824239
37403020
16134475
57916018
17580377
34408713
54847654
64099797
24733835
40399982
33791952
83612341
26912415
19150384
18421430
82915294
53253743
60663530
35763864
33138603
47087284
66220820
60979264
71560773
32100042
49435122
21490044
28545364
59615186
77080863
32029717
50109795
98035682
34164603
32445752
20810246
81192261
22624309
78749665
93514710
97846988
41321565
47389233
99020673
33742429
27575163
71531266
93027739
79630327
74453850
59953528
48834015
90423824
71431240
32423011
65338344
77917694
6443629
48121630
96684119
17842071
63891744
72659271
68004296
10757640
76387193
59010897
6883688
78438272
84313769
37636707
67362399
32040687
34609290
93661487
20490236
65719512
40936048
29711271
89839446
27907085
75506361
89768134
14254212
82709435
34181253
28066915
78096058
65731184
61508755
32421987
15487218
23630785
66331012
76371390
9089571
24242543
61912553
17221220
27103185
37489160
31440275
73650771
71016948
26292242
7530071
32921852
70456937
15962575
70541139
75726708
24144193
34607519
37222449
33495245
58449447
12460102
72593064
97817537
13911644
90395707
23919332
70342908
39545905
56897605
42213490
82944473
38240542
87654943
83645191
65704365
6158227
14840530
47670273
22982815
22600380
63456236
10906384
86718108
80557758
26624533
26217509
76851009
2982112
15545037
9842042
76829740
66855080
77303197
61340678
24269958
21803639
17081604
81467455
62174229
41695412
36520683
74582745
14679199
87259549
98084778
70908487
3660339
18090186
81081338
9281630
71551392
19902508
8889349
47056555
84075924
97004353
78063077
10938589
577681
95393562
59631530
49407894
38256487
93765698
23461194
5581077
58405537
97454673
87961935
39565928
74891246
30637467
58701912
52715774
51734869
81790388
60936629
21599449
87170186
71636088
51747171
99953956
49027669
17392850
61617330
173700
28489139
26248430
37540971
78432149
50123329
3228700
76043597
99384523
71205792
51129135
78002280
82291229
14679045
8405704
43756491
72901563
67766754
27184761
43609613
50128716
91833495
78664045
96302440
68166891
93207047
94853368
42072208
82621420
71147601
59920254
35939551
801874
95007591
73428672
39988142
46188726
7765262
38578250
51326862
74774055
84222525
35075768
38806255
91782023
90155625
65499101
61846945
73431692
19324243
50662863
43569208
3153169
68596045
81747467
26931766
83809965
54868412
55001026
88047067
42665874
79375482
89821278
90927789
73873036
48564527
20813871
28067423
9161987
44537154
3193780
90646344
95965640
79483397
67709526
72921560
44300818
96117437
76821415
78213055
79133046
49337188
49245749
27324111
45358655
72487407
96613254
35408269
63377050
83712842
20585186
79926218
72600707
96368722
4855370
42774426
12921949
47147751
37804077
19925566
26962895
3042293
95444201
54969082
56582281
86739151
30178599
22298526
27502666
94929184
65718297
8152120
62632994
23700488
59782532
56555161
43888115
39773250
86781276
80906853
26499446
53700774
3585996
54005399
46305820
25008
48874240
85316225
35108469
50721323
29659855
74495703
43052002
3973118
18883783
54685974
45513482
87385530
70958684
26294419
71936319
71910466
15863608
13453801
6558056
85237496
385889
11245338
67875199
59275493
63279426
98716664
77997423
8459862
30020338
52032482
60511100
75993089
70690615
19280698
21031
76700204
60294370
27656819
73328791
37748370
32367364
88873538
58558587
29117124
85885465
17158047
91855071
82722743
75255030
55220287
93231491
12066225
95341910
10504768
69385686
77179280
83224456
18667955
42929940
74171485
1432077
5616643
58442000
48600376
43834861
89204625
48044675
3727671
4883248
97767111
78382812
76031330
36682171
22083729
12871475
22267430
21504953
68599674
12658737
11197224
91960842
46782697
95169448
24930779
13809422
80746476
98924067
9954673
52081917
17922025
60305154
19263919
10731284
2404923
67796406
29057152
34856722
27694127
42056330
1148437
54763319
72473024
22103493
76866414
25708337
47775904
96034449
50541576
65150013
35437133
72757832
75110887
8639833
83646042
91294223
16209696
46807398
79865886
53819497
4193797
44002875
46895021
87930782
26409318
55342421
60231290
1408035
4199534
38969268
69023261
28207400
81916558
41666460
4412617
17516331
97130567
84880590
90049048
21942573
22096746
83469704
76008261
36187368
34106198
45342058
16186697
33072494
81185627
92522667
35022161
80625153
78892253
21491419
73024642
451170
49017242
75587466
7300675
61903908
45683362
56723059
25220858
49146961
89695186
81523376
16777845
73615090
47494722
89970451
24589034
82252558
82680591
69209460
6076235
1843349
9255657
88098602
22653544
78107712
89114953
11396031
71712323
70741633
67263152
71075302
87106835
71298997
72466328
41808695
64994642
20703463
88503188
12197234
64637745
2329971
70298444
43650294
80401794
5011153
44741290
33060800
6703659
74867038
82987838
89500467
58179180
19354814
77163957
15755400
77006806
40341880
35911135
26487817
42867542
23571751
4274364
84332329
37956971
6049486
93162593
71357806
29532217
20597377
93553603
66721464
37477857
78249980
97415471
58422689
49078848
37291383
54507208
54674863
10776189
82879124
83474699
57468379
73123859
68516825
74458641
79339666
28813480
13827822
32523267
14428730
82000235
8348074
60120196
68139838
82911791
30328334
22226447
43743563
11286888
63747258
70233564
35498210
90847783
93339901
24091095
33511463
735394
64788275
51266079
66160208
99195263
78541483
35260098
48374026
42732070
92491542
97973921
31609266
1469672
76738448
4976886
7567984
37334801
91536722
24240891
77823987
69601269
88443734
29488926
19706935
71599815
15160098
3727053
20387492
42859617
39724633
89080389
21699504
10460691
85787461
37447973
9230215
58537949
17824411
12869626
457461
8927790
36585693
40172454
4022920
90269133
9870216
20536910
32284944
66993259
46182380
32267350
91254821
30890040
24976326
65361191
4963919
59458171
45203480
72127900
79626454
35346401
65060300
84596743
21840779
51056330
4102036
89960551
74487449
95712066
6046278
16140566
25867037
70031622
4198206
56153229
40036853
53401147
91315300
21113034
32571389
30693927
65469623
30025870
72996267
51489104
56451417
57011638
17370373
64363219
79414111
202635
76857220
42601002
19592680
42259259
13726502
14009182
7975568
1232698
94284761
13093257
82073816
64628694
57585954
43516771
21021107
24223991
55727929
26259130
87304805
58762551
17990472
78876469
36695584
10019412
9529960
71577990
64107680
8926319
95820118
81152089
16382725
56546037
70079947
57959013
25465792
24792173
84803701
42154367
8375378
9627899
56297766
10829678
95450992
83635089
31511324
18383079
24435573
67891272
79124165
7950071
18027743
13306081
16815785
28747831
10819249
95562200
28380727
89208842
59806526
19800278
90904938
36588441
27656698
5946161
69661500
87933189
48462294
77969132
7515093
67711712
54836400
18610254
60033791
41821614
91519275
65801089
23255764
37557573
14617233
59946224
71409837
33029452
59196618
32148722
64648446
79337643
45884280
64700260
6617451
79088683
66785156
60808687
88642132
98423735
51415100
30082
71624948
53229439
5204176
33110058
45560717
59166813
26973886
64654455
17808147
469506
49903297
34961175
78367955
91724032
21448132
88101518
60820142
33613078
56602937
29997413
69662109
55370610
77101013
45071832
98667525
62712729
88638646
83288692
18522733
64252725
34784193
99180367
91047525
85138764
34621952
80676747
5251743
4865251
14350372
16140419
17626449
38934722
77671976
76695749
68684180
70210340
28846194
1062075
13520903
7405541
89221354
82142049
33199015
40474911
1391387
5571629
63534059
44165572
57289097
90729628
95277038
87046049
83935491
81863253
60107754
65687248
99316142
58389179
90281127
88555254
72568686
51628202
10282474
54856886
42537276
76396067
75539733
55235599
97312610
67116896
92339368
37678868
40397839
22800680
42084291
1575902
19660615
18311563
74964303
69149474
11839619
44929754
64484744
80441020
90438470
8143894
63687199
98090276
47020426
60280892
77537272
39520368
19086067
89166244
18329236
68925992
28656193
1471268
26101773
41623330
99596690
28164666
24865477
24727346
21436614
51818880
11958430
38160376
92843935
73130168
29938718
7047334
8956534
62177334
93703199
34324310
72793270
51728146
55592216
45789833
51794972
42730931
75962068
32210189
76389312
30275391
55673818
72624750
26327663
27558848
3992260
27936120
25448820
83363083
26184967
23435618
87714992
42310529
66092308
17043549
98275472
41448831
34123051
97099064
87319014
58577783
21103682
35115340
96404215
31926392
47507516
84585185
78020495
6226678
39172453
23090337
99921456
27790666
34220973
66035747
84922092
19658104
16107827
60295764
8875530
8184826
23496578
22088572
2174195
35607712
92657452
80609793
74122321
81998753
94245083
23785351
53366539
13399258
9634944
68169562
62182969
42497017
52840338
85430582
49267181
15831773
40825107
26262757
91272606
30106929
52438174
83960871
39257658
66119604
85784948
82856310
22558023
23630170
71123497
54384760
2149063
68747439
89412774
4171552
91321483
23567558
50083826
33926062
11507976
9735691
55388564
49659236
70885210
95703973
20763184
23771349
86970405
1382857
27475520
64539887
10041612
7494477
15650828
4074025
13897714
29924180
23881982
10403642
95132684
53372986
21857831
40425234
96596218
8702768
21524203
25055102
41457246
89782828
29610337
47174535
17162062
33975649
66750634
27180895
57464729
77513371
53559542
62854472
89268385
27525126
41293582
75390668
761111
95478366
21886803
31283692
81010444
30647339
44921886
52592166
96167965
87057747
64986726
74231906
24025294
59639807
48129166
10708038
20481041
93467258
6838814
36545280
65468502
35699794
98454859
87375358
59622446
61455630
52360486
38537504
7195007
46507871
56715263
7834488
96851204
54335833
18765114
57386874
72886251
57278550
93514725
78808858
85939007
73930894
61706099
78155140
39514028
61601129
65979676
98292539
26148064
5204805
69033503
69342743
98323119
2325080
19444063
70352095
50899342
35107041
84957956
81412913
78489663
469273
87298535
88966726
64462368
75642599
99324323
21987671
81105047
67053705
88409802
61711779
17056549
85409057
26848191
23795961
21412070
79599960
9797992
80762659
55198733
61680079
32086378
92586759
8842904
82680554
29517837
21916309
21982642
6754136
25156409
40950048
80273509
64355634
48525761
73041215
39313943
85094397
89734246
72776093
27841459
97104749
97751506
65984178
53518416
76341692
10064839
52008786
52662863
40019091
66772718
20902343
18937312
33450793
2126152
50477848
52900313
93694445
2023689
43192294
86037236
72481402
97131919
72965466
16411883
48714225
44357499
35922260
30787535
23759208
69371493
57952393
37924901
98871961
99085865
97641721
2803723
27674262
73613611
14142016
24593842
99760786
48524447
75863367
34316188
41648758
7337688
70385990
26578428
74206764
37149706
32992052
44530969
70456685
47072212
31017071
54164819
69421373
68407301
83167519
13424107
91143472
28927404
16955913
29804950
69990700
86056368
92865004
40045947
45267298
68594604
21806272
48148888
66945087
68532832
75517202
48815319
64877562
21309245
94610275
52953857
12142189
61033052
58635285
66641400
21874287
3335076
91425876
7377314
43553373
45433292
6557830
48118494
49086710
89517205
76788153
1615789
96567987
745954
44062901
71701834
87955815
59419770
59031798
51680596
30592374
9363915
15799022
96911448
57031215
81186559
34400416
87854820
55683029
11625256
22804571
76127488
68521709
38381119
65406702
31077959
80400626
50669427
97729421
31880484
31879958
76974286
42606838
68559181
44814165
65522528
28210495
54103152
59853010
48236152
7054046
36906504
32573563
55239924
7363778
84409598
49371932
14819182
19150082
15101444
97308391
35681037
60069998
62082668
83598405
26363759
93157012
90784655
996717
8213961
30275386
69731478
96150365
91738812
14051833
19537221
39874748
3386176
4524190
28848281
33542123
7686436
51085931
59665315
11972298
74722094
17661421
35930445
88682861
80708467
64040747
69367870
90161480
54989058
65020481
86567657
74010225
52576305
85278642
47108757
68430336
63627694
41906263
3731970
89895329
3239093
28288348
8451831
4616844
25039211
35240945
73309354
49787844
32526415
55670205
94728554
38655948
38297566
82466177
61092527
38381868
69720932
41402979
77955979
39121513
11219366
36349524
87640140
16681246
90237756
43860475
94026749
86539378
7915617
21868525
140847
90945092
44431442
28407865
37226915
82866248
720405
95823431
56081730
44229562
91598301
88393895
17038763
84396299
60320665
64929301
34098349
37427521
96857025
6266494
818816
73042226
40396384
45844925
32580794
66226706
24978657
19231284
66460945
2024760
42110313
54283375
64735049
9606360
30661269
16420632
23217984
45621594
37141995
77229711
11613814
89844018
91777716
66101321
23794643
53370381
477905
39612825
8889288
42138859
78520808
51810271
69154500
35833887
81739699
76299011
92747037
17184679
50526336
76990506
61092568
73658328
21473677
64885831
49250170
39297050
18613882
315881
28151683
73573130
53836736
53913305
43660896
92235590
94358696
92944445
34295270
72154727
92544663
84280485
30105571
53189096
85769902
73324783
88863309
48266294
2296054
24298610
17860122
47284179
47422525
25660542
12928644
28721857
25802323
73566454
51370312
54600342
37025680
13958064
14846850
26060338
78324757
66487014
42203154
75805190
49326210
75424448
34456932
53820238
52065630
67394392
17919176
58333199
57233763
15568577
12573954
26129050
27019792
85801968
45900176
52215035
51190343
77386080
35102662
39974566
48510209
92761005
30101423
20574927
36224264
76208659
50986813
47088013
86745107
63252276
33376997
7828880
17448167
25248673
88545122
18012108
8283604
35807852
69954895
27248956
20963249
19389858
53877672
5610523
80921956
67346103
93586665
62072749
52397447
31129300
99158118
78340023
34493593
99154590
4892431
13297092
93505862
81466483
3637833
57989818
14006244
70690757
38569984
21483390
85715009
94208122
45123624
20954927
26339907
67800563
79006605
26314012
81390970
34660279
74392110
25497642
80815818
18505976
64628649
74623653
44439336
15020358
97727047
89748989
79602143
53539969
33601158
19936941
81996776
40076110
3249778
7439687
59533912
22462455
69099485
56934708
13875068
27389928
12336357
62740657
83839108
59429758
48399618
44338101
39509569
60265245
66260217
46778473
46246728
5624670
96829329
1556497
50983175
1398562
16247234
46667822
88632985
98375159
63761906
32176995
73814186
28813203
64208388
69824145
78237122
66749560
59164199
78676962
34660730
43457721
78402055
10909225
73867235
99764166
32119736
78327028
4742541
49095578
94329161
72126296
11157432
30855932
22319873
65223101
75416128
76567961
39457668
37216508
99476905
59037084
66570671
664541
64599631
20406013
25155049
71588262
46198655
37371750
30151288
13374248
92083645
12246461
40893997
89036109
22127515
68507879
15364133
84281028
54131254
57839276
62979320
95416203
17171479
40782916
66108781
86874794
87961202
64565123
39378191
5352789
93421909
20235517
38305705
33041206
60048784
74473175
83337043
97292855
1382961
14356842
75702873
76667414
99553322
39574263
27787048
17584329
9229926
41348289
79368546
7183994
42821697
85294802
21663653
20309580
82236108
85579408
93567929
37819430
30178823
67679118
20783261
85002943
75091444
93856965
81808355
80885457
68353352
71972772
25142289
80749669
61349702
68960895
57501803
9728163
74633076
29317533
98158222
17241396
48990804
13079009
66750460
85266497
12628405
43839140
19421024
1210995
58820927
60517418
91216424
92673090
88216085
80492389
6596299
24140905
7250480
28946274
4511603
94443771
16315304
3260969
32396799
2534490
52120442
27367487
50130958
87520269
4734513
43278198
66690351
85560305
18121998
30378867
18538220
62910642
73282736
64834075
89255528
12691418
65383812
27492889
94792014
91468510
76271939
63219224
2387145
98477877
93758593
33566549
68611641
92789239
90458416
21432679
58404824
73799453
13913606
80480752
50583957
26929536
53807781
5141762
20527654
14076864
67258315
67846272
33363416
72176705
59012803
28478842
82881780
58407573
44563176
5072148
80889630
3673571
35750364
88418721
4586064
84878404
43868438
20609881
55157341
51051009
42685480
68058930
70632946
79964027
72160105
93769769
3108869
4231650
56986587
55573135
64207066
88127528
96767722
93204663
7737546
13603576
31327041
47975874
32260222
76652419
87909975
35117199
38290111
819153
41546470
78860468
92947253
6519743
12875727
94726939
76291515
49984471
73896306
76004420
49302018
29371949
54509747
26767383
88090440
8128075
75725061
64246768
23339725
10353564
63769129
86091081
33301330
38725265
4283659
22725023
50460407
88075694
62236020
53044867
18401891
31077785
36728015
49834371
6610788
77600876
54482539
28913908
12395406
85876339
28929278
87424288
51203276
42234229
80864202
15744892
16037426
99069276
58401304
6431705
75099299
2234405
98472298
71801775
17600295
96262609
34077976
15121006
65164749
36523249
3592954
46261135
66269699
14114052
42483897
75753578
57751543
29764274
72483406
75382961
72009020
73005640
69290673
25701026
25179647
88695485
83743265
80813960
58394279
91995955
95196503
77311521
43726948
82573152
72903424
35000676
66894544
63436861
25633580
60581670
37732863
39940055
16302323
1657059
39286512
10701682
86307344
71769330
99175526
51164816
27812147
6158257
81288615
56755842
61149670
98586308
61918348
81249913
80240343
3614097
56238968
46564749
83818006
55202871
95928621
15733571
79015263
50936469
33895939
30462473
76955811
97162892
58114782
44529244
71707796
84963210
15125902
71670073
57763353
18425212
72544411
63244918
55550818
19008873
59942685
83953941
24519099
94291589
6681478
51983840
74186361
85678251
40192582
81097782
4434629
5549522
42741096
34256407
37051241
88108133
2314103
5379229
53025750
40551151
85085233
77689668
49188200
12242460
23772514
68763744
17915292
5475662
8987431
96464485
82743185
38506749
38943468
20399649
94325148
52734131
13791338
34489245
4543314
21022660
77269581
71689690
71637003
48619474
5083120
13235067
19258159
48080848
26300199
99947154
48406260
43998412
90967826
18791279
12331048
87702268
515749
7425827
90888301
40674731
73262063
32064343
98759877
72002111
83385009
43555594
68437049
4968999
78410682
28560291
48160729
74862297
9786019
24966758
1057873
55756365
91490597
98110941
30275437
78262006
59630559
15273384
51784900
80929356
71589873
79613948
47590091
37825791
30123591
6769325
24312973
70018335
36839205
22502136
42277495
55754995
94199992
8382342
39998682
67789699
25250343
4689734
30379445
74474413
76737721
20591747
66196644
43015959
339809
56506445
24691890
87082205
22654227
23192203
77479868
17332494
29263859
1181191
51309231
86633459
89996262
2880032
71867218
38202595
40756432
20372011
60140693
82054091
16989135
61961296
56151855
29640013
92385203
4262038
5809185
43291895
50388179
65004868
49513448
90966552
48680740
7383302
90147142
98663416
65841699
29045422
54289454
76389236
9405848
90072272
68642777
66062283
45824882
43894544
28251854
18990840
28253790
42149426
28535123
44246439
64755063
4905624
41287269
40329734
25387884
82047897
38190359
88091688
13292935
87253061
82690933
76215576
14747561
99944450
94175049
49892259
19580078
40777162
69689137
24486693
35501340
45492417
27580569
28285449
39001007
37833476
45350066
30891789
16694604
12446590
68220389
8608907
19520967
69832746
82149141
39788750
37989471
97134868
16973301
58941495
55466968
72580035
60062091
77733335
21625698
54547295
81106842
83094839
81949002
22701344
43160829
9326962
48026579
84489829
48500358
52377030
17626930
64535472
64277080
39070123
45756664
16415249
26676276
96446234
23226182
52697054
40431244
60071557
56129581
57323812
60711962
76774547
84890583
88635126
71323221
19811746
15991204
14899908
23614216
85948678
78654253
67456059
11006494
9456620
18030740
89498832
22868722
82028569
36696992
7129900
89116702
17076379
79661536
14608102
18470677
26168578
5076228
94884076
12424539
39173501
7443486
4965244
76063179
40326045
40375223
51312490
72023630
71931511
34012850
36872966
23453214
76047887
89331009
83543931
24593738
1124101
90921719
83690937
9922346
22766335
26452501
43248069
46615130
68711564
98323055
65044642
13247842
37628991
26411725
81241306
33782935
26075559
50553924
68000363
40999718
65123762
42209940
28958888
68472998
76625937
26702460
27259091
31083152
14208356
69970101
26619908
27142657
25906727
7910585
97199171
95484794
78466447
97501331
4053663
30676960
25723674
15912195
82258730
463146
76531243
40995244
26970901
40710111
79944909
87550331
43569864
86358981
37531763
84169803
48564007
81592292
39514554
23939680
4511849
36156515
10535692
42867465
37150571
13738108
73091046
42211331
35648518
59933535
83771560
86082491
74110957
26669278
30564494
41648317
47516209
15472318
86661023
8550345
32941159
15284679
90730777
88915600
92510456
78187696
48085460
9514220
43650759
73099127
85041596
73657854
60272176
52274890
16643184
39950838
62769484
93878644
42840105
7782656
77120502
13134389
92125328
80479443
42251801
64720128
42698156
29667629
3342610
4187573
67092050
9377806
76518577
85267952
89742035
86644321
19146677
84427212
87153827
1937938
96318127
8663434
14377602
91911828
92482371
94659656
62098963
124488
74889183
43646442
32949556
17305610
9337911
14932219
33186478
74398875
92240742
29437705
17524963
89448175
86315510
6149649
90461758
28223668
11516032
78879883
66492574
77372513
6436662
37310597
97314971
43442235
42716853
76121479
7586223
30551863
3406634
23304943
25108510
22305224
56032616
59190778
62479208
37464703
62693854
91692425
27854243
71480410
29161678
76687528
19557493
12233876
46655687
11185518
11308736
43359019
10292280
2104584
93015119
64210095
50039691
12622533
43498369
87965571
8814375
34816060
83712059
40257945
75697424
21971876
71470625
80902500
7858434
55902908
92205561
46635638
2946253
22623469
30965328
50875019
60180149
6520177
85176806
85748315
2337710
29999211
26017212
81930432
83875288
94249607
5942322
26472359
79859283
91983418
62263478
48332876
47411376
45882250
84036335
83040625
44457722
40867841
59474349
99987531
11806719
81993328
34118241
88717318
3785704
94211709
75448748
65068834
9583123
57666358
22695995
84331127
66291259
36681440
20725737
30244816
73925645
90598942
15574742
69870388
47470162
22786585
82602615
25639496
26239404
44890923
43225459
57991333
31284701
69927274
54542698
76417724
39658629
81962513
55433474
86928310
82800001
81129745
19458108
73212266
67255918
84287671
59995128
75780092
78508331
1090803
42493886
17506941
44643472
45003648
81327064
99203010
25440201
56702511
56978399
56030469
24231056
5096692
66076332
30797546
76165309
73143190
23337471
86458415
561159
87102161
87252817
38176997
91245512
50255814
42894482
37096413
84844580
91126548
80762341
29193426
56721051
38403244
24811817
6368338
19285055
852873
32563234
59510696
53670378
18235060
87716003
82871057
87178871
36090690
62633087
64080208
65558716
18629478
43340322
48897548
85066303
1902724
93960116
19280379
34535910
24432930
55164537
67545764
65940279
44051047
64016585
26724570
36310592
57554848
91246962
44855033
67702911
30307595
30864101
12836798
49496238
57654718
12294307
34022582
61882572
6328731
69585493
9960787
7087053
81437061
23347014
62675668
67847626
6727156
44221779
89070942
62692929
31427156
26810884
3882956
96130937
20148429
54022961
59620109
35985556
70149170
89288183
195789
59414595
93684747
21028501
28856004
56946573
88887481
19112839
50554237
49455941
45437768
24800504
56533305
52586823
37034776
87126528
10957362
39269645
78039937
27732013
16980542
12291826
66899280
97237678
6198535
35450613
9643188
22022333
53653997
83939954
63136811
26036578
80322247
56795272
80225097
94032478
12406848
28638857
61769217
81253687
83623500
89503907
58228416
78847982
24480050
68897496
29501656
23969261
47470914
46805678
29315361
36793755
73798355
56971700
54632499
52215642
62027588
47659330
49774500
47294406
65344387
7158074
5588838
43614067
65448179
39685774
70728146
45667455
47434691
23213413
44032898
81004545
76033794
84025387
44640810
50698344
69704473
27152750
92520734
90452472
8663623
74468441
22498740
62669818
38202649
76578849
67175882
67535747
39580782
86589271
8131175
53376231
45306997
88032422
81042706
62978404
9865729
59059511
47127536
88372228
74215601
25258731
98944003
312147
99909103
77339164
45916063
15617909
37680618
97357379
89256880
31759488
20149647
83698955
16477975
47958461
26238908
98166139
66096903
26489581
79861752
81582219
44686448
56080533
70249416
33830826
89687309
51079160
46442480
63050041
6477000
47644438
78522270
79244787
28938089
64008876
28065192
39173114
86808602
97359359
16627910
87376285
95951975
67688731
24857692
44947315
70836316
69744366
89470031
80432626
55722714
57977508
46594668
4633521
74535520
79151690
80675924
4922739
99052328
194707
756389
60068270
27600642
3660649
92066135
58989055
387566
78529536
48959347
44310622
82494386
4942577
89185232
19628985
63208025
87737354
46997455
45130970
28379694
50497770
21637607
96214233
15595978
88131119
25001475
53519735
86605044
51195751
84965671
21487456
54421203
75149186
38614093
62521910
74109199
77988750
49070329
37889803
67158582
4487006
35760403
31599089
91665543
12906285
79518496
53176150
27375396
94956079
1465206
91827888
3871778
50967708
60781800
49858353
41214154
44894863
99217331
97938362
54754732
72140104
79435168
55903988
40229092
92627139
88715834
91559951
45604733
59929032
86300839
20978726
14451865
73869364
92362485
18980188
17833757
79029488
46855618
6757229
47787359
91964390
93869046
94037389
22583219
32175925
90291149
1672451
38624856
73302654
32042074
29441277
85871390
60495155
70261185
90399872
62133143
75613537
29279764
86050009
95323951
35452324
49257675
15617176
81496916
79251003
40174
70610722
85403175
19742908
6726076
81600740
73949031
5684223
19241855
39771835
75066751
73016737
94396744
92070522
46873538
41694598
72864070
85078701
27979690
55683946
74965337
28052655
17630207
13618634
20252124
24371153
53664020
84698900
83757588
36178057
2463028
36423571
29169190
83874590
64623528
18524879
41916769
79340894
42950800
53985964
57924723
31689025
77004414
25465728
22052975
81138123
2428539
58253454
55622196
94589128
14711139
43153661
664374
12175732
79648646
66784597
16325995
80031449
2638385
77851191
76265140
36919184
92744739
75109466
73991279
75576205
30158144
44067282
9996536
65018502
92976655
51699629
36554857
79003526
76203934
50343819
87585156
5729376
63146424
98090884
50843894
67000732
33721657
21034792
57154646
77950204
17837949
51920303
24495923
24601035
98116477
79030568
21636125
84096939
39499068
87628654
47473908
16662897
32289542
20051881
68206692
84749947
47565595
68015469
82274174
97556455
88828942
7810187
99706172
76899118
97649247
33798808
47730895
4601875
33105346
31024735
78535731
69688900
26098980
75340849
29648852
42149845
47814508
36584036
48887781
67208904
22536141
18928705
8674354
12082885
10787482
95936095
67411638
9503440
85628948
17872219
67909520
620305
22555254
11941350
71057060
30050743
41167226
93984617
91422780
39896912
13956583
56890511
53774383
28065579
82201297
18955405
10536938
43591310
36258687
25336984
21559794
32605685
33692500
77124892
80386113
55684236
89382439
1157400
58527640
96995659
65110763
15463518
16809344
3880994
97359755
48559256
64164041
82634828
60636043
9639023
67844345
17094505
45964383
86286178
79811357
41248187
7390551
32180806
2658593
41217327
46409002
53602302
51500454
78506497
27875880
19514316
55373570
21525522
83071668
86374253
11772211
67206561
67801219
44235821
64113468
43360370
65942163
40755495
84217667
46272860
95394591
81166810
69808298
37936647
84428233
14123897
61434451
5525339
7385221
74002324
59742489
93137416
60409472
58788775
50764522
50518310
23101965
24675259
24767045
72203947
7827124
62223650
37731017
79565407
13894685
23600087
9308674
70511314
11711383
92681780
15815390
57407754
64044802
45267433
73572552
14465908
42150331
18430757
13573814
81671940
81475255
50243775
95119559
8082635
85318390
53677527
26942830
77578020
23944411
35421579
87225545
44018205
32771407
85110746
74369173
38043133
85730994
2069544
88082475
1609108
9469877
37671335
82938921
98969471
95535829
12715006
91663243
2191181
86685357
57352546
39560235
94660907
27617235
37887826
45598365
13709188
40959933
86711714
22107610
97214686
96515311
69621896
22874414
67703769
78657893
20740165
85959496
19461899
13615897
78041207
48080908
94624412
26056827
34849393
93189764
63201731
65695072
87622604
61877497
85347180
65321447
88504243
39066095
55614305
42603579
9300110
11181366
65873412
77272493
47916603
27154999
21830303
99982525
34121113
97622129
33555240
74306844
86335790
23847378
75255799
58603535
23843179
37326378
99827946
65898547
99245846
32025675
80461611
76156258
80507141
62675974
60982144
15618263
57976372
21668727
89055573
65699880
18005832
86086188
10255890
66970707
3692630
59298266
1117701
12728288
44663588
24055432
87468608
73344726
79059658
62590797
87627635
6468531
64069682
25116101
3119878
88549444
47937898
86683289
4358736
37824796
73426663
24250833
69101917
17607726
74386109
62654729
80619251
84694328
48052901
25412262
81750684
1763952
17923660
54527089
12840844
26236725
41760553
24129174
4566763
28493153
14968262
64434916
95117531
48988890
74082706
75032439
19247203
30789892
26692331
94899643
43300255
60209135
87059954
36685789
3505180
60765555
27645205
51375767
64231144
35485326
4205317
50576629
84711892
84751715
8489644
20114654
29918219
64797301
39099121
82061182
47450470
18249559
25903211
74387538
63449733
23253996
60477057
29588119
94036080
74559243
52372379
1776395
49195096
9898412
16131578
12632384
34093659
56171468
58498250
70444424
98767846
19619915
73640954
78852266
85813343
4642964
17987393
44810614
19435288
18352048
84791400
35555294
55083248
74822808
36472435
41905305
42414933
28300813
71517457
78186245
23672720
44013809
24980794
90338463
85324010
81172323
19331124
94473721
73873247
86632982
59580303
60472906
97607160
74731102
46738734
88280072
47350266
20955639
85232893
99559352
92821524
18889488
60900468
57746497
71652137
73992133
6151776
71963754
48803010
35317779
40342369
6970572
2401550
39103885
2087143
24379990
8957008
591482
54313098
10409246
87077647
49671426
98279006
82302099
50657819
15851881
12270507
57389221
44539216
9181361
77757568
8983923
38828753
84696164
59309158
75213180
40502168
93274355
20800445
61944607
34263432
83347066
85278006
24728502
42052947
51172437
48406022
23069690
39741030
28395064
57859802
11446048
56965006
28956196
67033796
14930004
61159655
41201683
83540166
94075269
75255086
10971654
98883306
19630190
7000160
61940780
56789788
17164394
99978811
53775071
73216975
17399015
96553643
62879928
6846710
44279960
99370472
88802124
96967141
86122062
55225491
86069072
43507282
62502525
91723922
71525190
45796580
37617895
44810096
51216409
18460233
12101101
46546924
7185424
46813166
72354423
88621430
48403582
49759469
89525459
68885255
80599054
23269071
6023580
53698884
29296441
53219189
11470686
27290784
14802685
49259291
97446042
62542497
70693178
73912412
78345562
90339806
65206171
38128071
93852918
87414812
68145527
9922823
61374594
76410852
22086437
45548974
74755806
89039836
91990478
69102286
94575387
92706154
8967941
68045723
14539823
84153501
62966462
49277144
91968221
31180853
21429737
11307584
99859410
76377437
81164715
31427114
99473441
45927288
37983009
10505243
91886057
16239894
58749585
21615580
41806974
21587443
90999763
25300861
13510467
56679355
46294325
35497462
3362169
48287984
15934298
47013784
39224721
21173264
64389861
24490982
77339224
97416044
63624891
24312978
76011339
62991310
47324514
44984791
41106010
79443929
39419400
64961630
45607968
37620445
26586163
39292815
87620726
18458835
70750924
9157320
66087034
81222985
70094674
32761352
16476776
65927668
22520129
86640387
39725401
72617481
28723489
3804098
38196307
95522364
26054745
88911020
71593992
15380799
9457901
55278435
60408211
1496745
4039741
37362282
67875591
99344679
41267408
43473838
79180450
53336507
74885210
97495017
89374501
34811
81971483
45322102
60565447
53579907
2559075
37772221
18865714
75849050
91047820
58339806
78256020
78345548
77836595
27352883
74735903
71552579
89558614
92763174
1801848
9035102
54278767
41922612
24722556
44832400
47435592
99437138
8668524
19087000
93519115
33195415
53747875
12825911
83613847
13740730
88249345
68150727
11202872
48477984
24567093
79745137
21377282
33358784
70918774
31251964
79564204
98679174
10049234
96140391
37908201
48741236
56528418
93854865
23721162
23135746
6113753
26795642
55567869
33065155
63547327
47578968
81160035
89717257
12336761
41507283
72541535
1888614
46084157
75178024
71655253
78351723
61857742
29305948
35156157
6395433
98546873
27724128
44457106
70272797
80293854
38649447
87939981
4043790
79409072
8668041
60067238
17714609
45116543
40904482
16645625
63183100
51805157
53994444
78551569
36242893
80010103
38483074
35946141
30424211
13203593
35583289
46036008
57923877
3693088
46408585
62397313
58740131
24875215
84782408
38050272
68810403
45305811
77013462
92043837
28888563
34336110
11889636
19046581
99051371
25289900
64047639
17024282
13174140
49603616
28108708
53445984
69483739
45474526
91783537
81882942
7993938
82376355
14702456
10422848
40017916
45418221
15688126
60067661
3244235
38815843
78587824
26800841
47839991
32135942
21018935
51639420
96305495
34444342
85661509
57463191
8275698
17144519
63733254
96684082
38547369
70700103
13627278
60284365
76925327
84663896
14103974
76931516
62906875
249665
82210887
62823603
20253888
49507475
54075533
58998807
46517849
74582544
46136668
73514983
58824970
41622953
42252037
71741162
59684150
17696672
74807665
24510535
29353759
49052227
9751927
51272364
12590433
33599866
65004968
89867571
27344602
90500075
18594640
11021759
58552334
40457102
5631012
51393790
8903741
29481561
84317215
10236136
73383457
24833596
52612135
62496826
78631784
35062079
62745286
59466065
94898163
56504893
42328328
41251195
65078079
32042105
33391042
71673296
1728910
55724495
53809059
91362069
55053468
162629
128317
33626157
84791806
3004469
63298835
58540930
10399269
52487554
50513636
32612396
49068371
28826467
97703333
11758536
58069658
63177854
44528123
61707982
63310268
6565069
13306012
69531815
41697920
99406409
5796869
1203573
18560695
49028196
6409418
78708228
4055175
83788953
74910471
83539654
72966987
42939165
31486412
67133993
89346244
59917873
63734477
36352258
65791541
63598710
29043568
27740161
12204431
32784352
99406895
37636525
64939123
8151226
55488795
93362234
37762002
43034556
51533187
35857783
55148323
99435511
5744050
8876675
90700606
2820197
26668330
29607846
25905705
4715496
97951247
43294914
35388005
41912830
35474784
53071451
18096861
35179433
40255647
48820674
48314647
81606240
29419234
51212935
92619607
78180723
83550790
56116404
27108679
11549210
23862247
72368471
85421633
91799043
17409419
92210640
5851222
47611919
11909502
10112566
91971969
48661085
1318175
68040111
22639392
74174125
26073249
14327452
78450560
52610540
71960840
53107587
84455616
54993034
22705526
53420957
60157408
7802040
94741615
72261671
50370189
37654351
36139910
92914705
4511323
41148716
34357925
25241672
20815977
77601928
52557058
24415358
76252665
7490722
34827861
35859516
55679539
27763182
22828627
31906071
85389357
56013976
74376001
61501329
66782761
84801538
74645328
26572586
97649098
46485351
67608667
49498154
19946224
45528048
93978593
79848174
32305154
51950400
92431784
96186602
41886887
58167797
56807168
20052113
35909198
21246018
84725388
89847986
3090598
27855671
16879762
32721559
60080115
67708914
3173987
7854291
21098052
79246727
98059923
38947851
3228971
49112903
10110742
67392956
25441668
26272057
75894360
53365065
12646556
75543324
65503722
29555783
71804993
48567741
22489670
47732093
33129861
81787990
79207056
99417168
95548615
2679225
5935881
87853997
10386526
76377807
99831990
98669870
78600897
3126344
33893634
4609230
57954410
23344552
60698182
53403106
98723383
50637585
44890435
4661246
94995734
87804311
2096464
59984912
10386407
47509447
78567084
54706855
12807858
33641255
33736195
60450300
6358324
27401024
74543785
19143663
96645596
62328390
26311513
31387198
13192002
70524425
65303545
76083986
60984208
76382448
4818457
56183699
67111494
17321596
12035118
79180653
34324396
96627756
26515742
14818907
25288973
97300543
23388017
47152540
25071715
9328050
58467425
76580674
55125680
43553224
38579990
55562068
94512762
45690722
46925122
70863628
82283158
24172329
29938106
49522108
23643623
5234252
18133030
89999329
27088328
24822775
20593396
55745535
80780136
64607756
60669593
60436936
48465319
46569246
14370586
38964844
55041872
32264334
58989022
30645750
41763352
5584917
3107833
12379455
73106189
9616065
879230
85994643
98951163
46938248
99282111
78044074
74877334
15518375
80292792
75331037
96341695
96349169
52296963
54555220
58279596
32098753
52563475
49621394
38007231
27153917
52861608
49218700
65251460
57016930
89848368
34901284
34160331
79521121
90941637
55033444
61994433
21351214
61488571
85626786
16802066
50981944
50002815
31997767
76055139
45914174
54829879
462830
70272855
49240814
78431386
94538604
16297860
25219152
87983804
14844816
98284503
72534252
71151730
72181881
1255472
79880922
40435317
20179119
73750821
29781593
65822894
74361071
58860197
49970602
89690511
13973062
82818826
58381286
62404292
52115181
47813747
11490459
73943119
39267911
80138091
67532186
35296366
74699522
36292051
44795308
92093024
65341306
75255359
73327100
44810376
20281200
71589067
42023061
69569011
88326859
87075147
80690792
8674534
83153582
95620721
26718126
19666466
30159651
19226232
87132267
36135899
41127957
24210930
83488649
55087567
45563070
95883875
33777994
37086657
211120
22798921
94348656
87099815
52659360
33481244
30982752
20477874
42999935
16389348
82285576
41042322
26448738
56438873
47290470
68579230
83663792
54463510
9816480
11545421
68822673
75357667
93574639
41304653
43938891
26480430
36350280
49718129
4772579
5598246
43027332
96430836
51916902
18873144
41305750
52098758
43196582
40431157
50016729
38926291
46478062
75950927
47013036
9514497
3055635
51455959
40563905
28328273
66500314
15646483
48891025
22100807
32447163
48557117
34847010
22586575
78256764
57655861
27701217
76348563
6906965
37093662
48466840
32232288
97565404
97288496
36931405
77779113
30396960
17012047
13940971
66858441
56207781
72195873
46194818
59040026
28975995
73292014
80337841
85356293
58961576
10381006
63249327
54635653
6533069
31879197
2735942
85728838
3170143
52367298
20449887
71458424
82757641
45644946
8645957
2934127
8397600
85146642
32947788
31470017
93683183
27965251
36315150
52467493
61456336
27418804
60397553
6049262
8226201
33826344
85795727
24376119
47295292
91986564
84626390
63721607
45189345
29946480
56681989
19117712
32428606
56927616
39463708
18201781
68799679
95725919
33411131
64188499
26385244
6387413
75499026
91476125
62379208
69930253
91756966
75368291
34220974
33456464
79458821
45317408
75013760
94697857
10312251
17697282
11275977
36837080
86032709
15308992
96293340
89179778
76383797
61518747
71353107
56888451
48072092
17382911
88103929
50672006
96145618
83796909
15560975
66931182
83468387
43973330
28693461
31469824
24460101
77231642
23864349
94676835
43126543
94943756
21183053
88948758
96907580
55251047
43389818
85821961
10003508
17154030
26374517
639991
71405187
78152484
51528324
98707914
12455589
81312159
52681135
84830214
25513318
87710053
70020920
39357246
71458072
48278511
63951318
6085325
36650940
71729976
5382095
53740256
39361446
73395690
76016208
72542583
16114119
58568613
43270717
34659652
70550696
81852755
47790357
18392646
74031804
80499839
24522075
54404616
8990402
1055266
73709799
2529455
80580591
55462537
70120104
99923630
56963359
70725120
91303689
26103448
65375608
45707819
91297799
91839874
3274488
24133598
53716015
42833182
26237062
3112437
10717950
52375687
50749333
14664934
32709028
41225717
36162103
35591395
23836452
84105944
68047183
20563814
46324191
70937791
17817445
42900304
89148169
23673212
46362994
70381513
80968919
64706322
51030304
93070193
96623181
84237076
81449221
84666185
7366114
72963013
60147020
3519667
50680395
54419451
85951732
42675542
8862135
61486446
12097081
273766
26936139
87280554
92484563
45991291
46364020
69527840
14874442
62187610
63558064
21590629
68606744
81837457
79716108
13798190
40972504
49636156
92371954
96419227
78911937
89837036
36521585
39075557
90231567
36892985
73656958
28050394
56453731
59610862
43700774
40930624
7095312
51016485
37331343
26588427
26806666
66768295
60220045
92917305
17562218
75395522
60557462
71586431
8640945
53074086
83996357
3021971
23956997
54476621
13901873
24746594
34943392
88178351
23486517
79805261
85735695
76252834
40173030
76386409
55035234
59839779
52186410
6442551
58022198
18077465
72176317
80490520
78072286
86795244
89149273
91397705
68613690
98274103
76580585
14608046
38007346
97212641
51975339
66548788
53745928
69434601
3469125
76037208
77553946
72606251
32062046
25070723
48215928
42132477
51473805
88356121
5704571
78662605
4274563
17951437
38169302
13769502
99638168
69020100
94729711
53968167
20868337
34992758
55458384
64164522
33914370
62875893
27594829
72710240
78632714
83025416
98665424
42347700
43411379
68457753
57400155
35222669
20012067
21717891
6740185
89053999
62800905
14718229
34207282
64211925
34528230
7851727
65449555
15310658
53346948
85041417
59509705
22436115
46074248
38654092
55507931
50638034
30381508
73212309
55293444
87744029
89718988
31506512
14765802
35694866
19451279
75479478
97738183
73449488
85653951
66354977
73531779
56476382
2275356
74300692
39273520
67260225
46153877
8861224
21971627
55412272
3811614
44223905
20036925
80434869
81487644
26037371
7230389
61234055
99899191
79407392
25266156
64807190
3601651
12568706
53427470
24650940
25912976
56470112
30906296
54237481
93889568
77798385
88569322
39399026
67725998
55343834
20290013
69899903
52529372
45204991
80630904
13060185
81120931
56935636
61796336
64890919
88574826
15379478
69909213
5981219
98810006
73244477
15874210
7637100
23176954
27362574
80565531
55267265
80087646
60920707
35973584
95184753
98617491
43267535
34258567
32057089
66618396
10257727
239891
97336710
3632994
36547896
98594774
23450184
69433234
17468739
37066225
57452039
96662468
84729612
48154761
5333637
71452550
60267381
62493563
53428135
50855496
62844129
13865995
1961501
21450316
35641371
67222638
48071990
74167793
14412699
57172467
92750471
68637720
81720548
87236218
16823249
47126189
48139308
16548042
88265868
74051247
78403296
58264055
56748896
9623266
90003682
68737400
25923982
15650579
32607156
35628941
70945680
73750878
95112849
71715225
98185054
37781072
74757823
22351005
11973930
54065382
11670480
9119147
49603998
81187465
48038769
42077840
30563991
88945679
79340254
7218565
5510845
22900496
5239
6005131
97154327
28450975
9128062
60601197
45086183
6182860
9450102
78124010
91952931
66746785
33351304
17478923
63878707
3813610
27267527
4108970
72792087
46830896
48636666
8897344
22299862
989306
8265454
54173743
52419337
27634262
30376343
56456702
25711257
10505358
97356108
25009943
97760001
75973441
59267
54170947
63483550
69032003
46444682
31174619
81280039
31855286
73368013
4015155
93530396
38864170
22014871
47186218
72730133
98424011
30231900
80720491
37631739
6183983
12583082
98749721
53090739
44924020
28185160
76795130
87958682
93530490
67898829
3900339
98417968
89423942
73018398
87699525
1936445
42881185
29142549
98614443
41539714
87737270
31503568
505891
33136678
2783634
24544249
67311615
32485822
34779654
35063583
70615600
99771345
47314710
38907861
12841673
67310060
98054893
84945364
97743995
6391224
4734047
58925525
52841475
97803482
87119126
64102899
12021948
70911434
92891589
29545331
69016599
47215209
58756545
69496697
56880672
58470326
39378009
56117453
67866510
28016970
92383133
84691657
71451483
17704950
1449195
92596072
3624758
1021090
9608954
91204410
86895108
46753048
5320747
65103993
6567028
93660003
11578153
53028930
68365758
15722083
13617432
59706090
4166477
41386334
12743329
88513467
9713539
96456069
46501212
89829873
95498466
68926974
54842823
17571206
97110675
46500458
92298669
23730646
51116367
43483181
49220662
46510159
2878564
93228244
92083970
36536985
31723877
71090507
39355961
71088084
94833016
12505099
36765405
65842293
12201435
6293942
75382533
37705827
94797250
31223868
38789567
4468932
19961269
86396652
47532419
98285385
43235085
67996411
21301314
51494385
34863989
8712969
58861085
35889748
80271457
20594055
74487678
89716874
47248638
23086320
19420277
99989666
9122183
58639846
79469543
27307545
3554890
45403548
22778845
69011746
67643903
14670824
48896184
76719662
91945285
22395348
68877415
91815803
51057449
10430499
24217028
93662401
79009734
62759304
2792354
21759265
48728664
12497669
53108976
30151472
33876056
99019786
7223845
45386966
45619882
82742221
90406145
64480423
73362058
41645543
62897643
6149133
71118959
91695085
43423885
95085070
49007927
54803007
42865877
91507207
9017667
86676160
46197168
37637897
79453963
89976443
35733414
42822685
89426338
6933569
80927812
59534904
98327991
68610546
71273779
77227083
91867941
36712530
10986272
33860518
67263121
92271378
6274432
77897077
10601872
1738922
19060730
9316612
26922759
91503818
37988306
40037049
149347
54362658
54962636
2386410
11652759
51212901
24860210
87288266
22919839
24134144
14761649
24027836
669294
85636479
65417066
1960856
82474565
33172881
93481284
55168294
24656652
61680206
57419321
4762813
61353416
80312341
51079809
61203239
36122307
12211650
36884160
23342948
80634840
60921892
78247287
62467885
76523114
81476514
18109919
22225498
78858321
76228638
93697707
78346538
28714331
34105353
55020338
85685418
92143432
40627886
17432592
12593280
91905489
99532739
26300807
80498280
93143954
73766446
90202368
23338730
87787465
55979914
69202510
43280530
50972008
84560374
79568706
55388950
45918476
70689230
21742426
70657472
52704102
16023541
5762511
20323624
86757452
27121725
12691543
9688314
3675824
55739749
84798488
8491353
74949265
39752560
81522659
83278400
55996422
35360947
30293653
46440578
12455020
72546534
99020756
70957046
20842365
8929826
72715657
68850791
97145140
8190948
37870949
22539345
48083910
82592450
36709607
19231578
93858548
82742906
64387209
35014671
11234936
79554068
72860289
66880281
52995870
12796016
80490411
54577834
62402171
86857561
68680318
15350315
24729335
73153640
80477370
94942607
96749275
41362598
79599351
67331590
76018362
64661062
79810389
60119561
85473129
65102449
54564108
67751391
19303679
83709953
62107626
17878634
43031578
50678723
15357661
4104166
73847562
96646491
74864004
46316625
17705246
11479493
26637578
78160542
9802278
30745805
84400627
20939100
72474315
8770232
838994
46168532
75080670
67847138
61728508
47645819
74043445
41119221
74356867
27354279
76681815
77998347
60752863
45633750
19362549
41240260
1721047
77068067
65384853
37964185
54904231
31052227
92876909
40089725
49944849
64058467
96369102
76030209
34719197
35192745
52830740
57572186
6886317
33392026
16344897
79649641
72577154
75690879
92643480
91509680
21773638
86915643
18338495
2728624
6899988
59534209
82987984
3565784
41675248
97490440
9526165
49723795
33710134
56537770
51329041
71227011
20556240
28601125
78469497
64752454
32610508
69014766
52992973
92155631
20164841
83269168
31941108
49998297
98574101
27735949
98973462
80628968
62396964
38076921
11582995
59870298
19168530
55104323
87787691
80272364
56200320
22373483
52621346
15742432
94759692
5839530
57732718
71091922
94252225
13640734
5234441
17784895
34566907
30875763
75288818
6262952
77794753
43958238
70722970
93829719
32598561
12428739
11086170
88884555
7010015
10421009
73260368
66658553
25630080
85657066
57827413
60657405
98280278
45006521
62237031
26398445
99220303
67954150
13153687
6102917
71894500
11793203
79188106
45889057
54718631
18684626
5769099
19530054
58489295
42826546
31550509
81247068
36074774
73986540
41958240
57616608
89816267
58241573
19701741
21295010
40555060
69602779
11283509
39667699
59523279
12876054
77418534
22330125
82044795
6431758
13502897
24454643
54558729
94062286
69463723
56718359
31822123
37442655
97840435
78978433
95317367
73939216
69203371
34658239
80377210
12927926
28032223
46205219
41066174
63552563
1925585
38632287
1073230
20816109
40992366
33251795
27901133
24203731
31066810
7822124
29181465
8173430
54784266
85440048
98611700
75888946
11148888
84614823
49214388
38893422
17965158
47426179
4282373
52495247
94104120
57086129
2308077
90803703
46870166
40489117
38858808
72091849
33780651
82395064
98935610
44735303
84535838
99260408
35993216
5336312
37923114
23396339
77384294
98202065
45850820
51055035
93960766
17706552
53463652
65617192
82629344
6050962
54399572
30002773
54040123
42064008
92692062
16161189
7042821
28342289
67432592
85092786
55231316
78758185
2394067
35503205
21738456
37433605
93925682
31111521
30310908
8109075
76918689
28195068
47605839
36608047
43681024
50214907
38031766
8278991
85705974
63550317
11028914
34664804
31044545
79575815
26029773
42169120
14253808
82026914
67238606
18542082
67883983
52342176
20783183
83551448
23654268
1464096
12525908
36677373
20188884
12692968
79815870
98514165
51081794
58914032
458599
3900485
70878486
96916728
92290570
67947390
86314578
15505158
6114667
87634932
71992153
63252904
92708472
53732023
38636826
57220029
78588216
21110457
67724322
79802927
44795713
83637743
57166011
48751463
10567834
19928760
33225563
47959084
86887124
56872131
32199696
16145093
83204162
31167929
38540118
21896097
8299041
12252264
90041872
50201210
34418235
40659692
30414578
24766208
62673942
47336604
53148992
49716116
17159568
82134068
26286778
75495373
50129348
33663746
13179762
58781910
45873373
4614768
52071591
49263780
1824217
52452412
15059418
56913197
11513327
98182492
95232127
39416419
23479816
55018221
85310544
17320936
55390882
20788913
78149757
39665590
45048088
89050491
90527252
5863263
45181484
39096298
54186995
56068959
9009217
95085936
3285732
53637332
451017
78711138
66571060
58708281
76823630
19468108
78639600
60363998
22865466
36039422
32296975
64593391
38093905
8810656
67258864
40769496
44660226
77522602
58825575
58876484
87384593
58705674
39229703
74808858
5253272
21266812
59478026
44749959
58970839
90640672
42007890
78553724
16192061
85181175
62475997
50999164
54163072
91092772
27149251
10676020
30372908
94741372
48534879
19154060
71350430
85155381
623649
748539
96416440
57730088
89405064
9933618
20621205
16703890
10580490
26063689
18994967
73799116
4888924
55471680
47608287
37491559
88202550
23662536
38237339
53484570
99734702
92670590
33592800
96482585
62527774
92638359
17567439
28611854
99622522
64448024
79404208
62133004
97800500
72120384
6229491
75829368
20407434
98322457
64021062
19354422
19064200
37154952
80322374
7844934
67174484
56296277
48207119
72771546
5034572
9905809
96757267
12703500
58396190
32541446
87134064
3783304
14936843
25276967
13285100
68928259
93699093
62069070
75035832
37051203
36955012
70910603
94908244
7019185
63571168
18137461
43690827
70190588
64273378
76862309
20424466
20799693
44804182
6070918
31659136
68021235
76990367
61335468
27734336
98345219
84128662
36393712
94817950
31049946
33032510
39577017
35993892
58223731
85354547
11938476
31899930
36387683
66941157
17631754
54082069
28376617
15657490
96788428
40658675
11128226
78969677
54275398
85374514
72769605
60926221
91157624
15736647
51013624
35654013
21936406
93849695
9316533
59305417
33132150
45432610
93263251
1580573
61404192
86207179
49703483
21982751
92175820
32783865
10733389
6022747
75639533
4080793
18764282
64515134
29909889
84231873
79271185
84908626
71679315
19604581
85711847
29106110
55337245
57840220
42458189
18178352
62335301
90938087
88054712
45682361
67001801
44957900
30922748
84995522
68166681
4691862
22170324
34324860
40042983
44139465
67433620
74313086
86729248
51332358
68125476
54187663
69648395
31369032
65431842
43844642
61300357
70338414
91328556
53195638
93673854
86416184
52536088
91876809
57405556
57414519
99251684
93345823
92358767
47099337
57358676
98844162
96448269
28189816
55746150
80846933
37534779
71503194
64494673
46898452
22257671
5135764
53088403
84947133
24644758
97822199
94197570
64312793
33345041
63223405
27241245
6478910
58796930
29151840
59032109
53001501
35957674
57682669
14357715
9510789
69882808
89924359
35004564
39927995
24863667
30930943
51116829
88895320
47735615
66440992
29731409
82436803
69256989
78137611
71102948
86441724
77761217
60971324
8836786
83752031
86132290
89433566
26836716
68800314
82159499
53218659
50440585
98783472
95687897
99801978
31045177
6495439
6447216
78763340
80150720
31034767
24829691
44213876
34002188
33162528
87693241
60985798
88044373
78780660
67795928
25857310
48042985
1845584
70828831
28838338
45344444
26599585
98426572
3988874
93769123
82899304
1681670
61817844
77393018
64704700
92782754
92751307
42062281
26258092
42515410
89365299
75034616
50191281
41366926
26733745
7150349
85994714
10770070
94888840
90652048
83183965
17229252
74410018
1658136
22984748
88554784
51924259
30524874
10530750
90134371
75859793
16401949
86378197
43885365
92902903
15118037
94438009
66439275
52048524
12369171
44380069
23640590
33855376
97781891
19501815
34642231
57824834
51199730
52849317
67884841
68162802
61357251
27541314
64654160
13903131
66192823
7348984
77285856
91592167
10822155
24115630
70925882
63599862
84287733
49099935
91486988
36586086
57720758
51698599
66701629
46307354
28228796
51572106
32440321
77661107
47173934
40178624
37746147
81797324
47217024
90501692
71364984
28652949
6148828
34920649
58152052
89928751
86292015
13952692
3395044
83773629
38826544
29905521
75022198
98732733
32851517
96906638
12583524
90004612
38098661
73447797
25340196
42070281
67310064
1864129
16339279
85373925
43386419
93470236
30176700
85875698
24843728
84248235
38092810
19587947
10791921
80677645
32739455
32240664
44772052
63456848
78853598
93504658
61082911
36353500
42469450
2697195
59068262
81006461
21410810
44822815
55132663
82806879
28529907
93446078
54003958
49453217
16663769
9502613
64485228
75120704
29763731
34194079
22876366
82446648
89025047
38132710
49344592
98895080
97142914
33370538
11102705
34322140
20844476
60198761
20925958
74818840
50972563
62328582
49334370
2237049
38240624
21007944
15409013
8150003
51164110
98209255
74105097
31583157
48671549
16376008
48014998
28968820
83326280
55062731
754701
53679000
89432697
39737620
82358722
96208815
63556142
54436451
51687633
25844127
46186857
46692468
22805077
54206736
94657557
30719828
65359607
53555843
98610293
61389125
60083202
96958171
14225696
38434873
84532387
79792334
7147856
33926597
97282728
52303807
82293726
67527385
57499736
77983852
39671447
895535
50866006
64890371
83293580
94142846
1925117
30559925
2627324
67645708
83968402
38314796
73465559
14382824
80758454
69025912
23834396
29154795
61426371
1930295
36642905
32208564
90561235
77888191
38032259
93077310
96261889
40234770
80601189
19842359
64893942
27582670
29618449
87562244
19221249
76447790
84094864
54256149
98007758
33383272
52463698
76208688
61417311
98177215
33802082
66818210
13506842
67407670
86828413
12960855
21687878
11730761
57093054
91578830
86216668
14596453
80213492
31252944
83914798
50993056
38214622
80018011
18112054
16085066
71908494
41607763
17941124
90514431
45243645
98908635
76681466
53107635
38259375
52393317
47161064
139294
30691026
49808682
90921061
90956218
99801572
40895957
16488876
78617397
37587693
52081979
39103429
28943864
46044672
53299695
6728041
24002350
5389130
7788072
61915060
92034801
45042916
72409020
44638582
50125063
35789933
43640105
66011767
57273647
57300899
12991865
16516226
67479493
76826684
51612591
80882807
55964175
22635802
91961637
51891815
61962068
74975268
65051888
37639887
73976157
93908477
88255494
53515947
86693307
77184863
9576017
26409390
72153420
79336870
43373219
41665423
53082827
6932098
42914
38908890
52760209
70608320
83125345
73983965
30858184
68447834
87031443
4450711
94657934
2236419
39636273
717139
63641876
78834023
23851245
13041053
9533313
5290492
78794641
41932238
94271010
48693994
90050063
32787322
82191815
44458033
3644708
71205781
25909808
42708857
44992140
55856653
83957629
58178465
6177497
22802404
97534313
47916950
69967871
8373069
16981117
98594542
75431428
40195334
70652752
58464885
75417555
37850498
38197230
6695526
7900103
55258342
55211145
39250377
23504267
32714895
81017582
69575311
67156376
41167655
33337819
37088195
62762077
20420713
36919898
98807473
85716000
19315982
4495098
72861355
1567657
53410893
77436314
33832280
65561608
52213215
46661997
12402072
14120135
71076342
9826033
85667862
4687165
93298654
94938041
28931792
58991458
7561921
49596502
46631741
93920593
75411487
37521711
5610726
48143898
62720304
60666590
1198573
4536531
35546527
59763921
69871452
85519603
31824271
60683570
68878845
5419845
17760647
78394315
37257978
67108219
12492089
74166774
44875183
69277291
73764993
29899841
27327510
87575844
10872569
31485683
87119336
85734504
11348014
14774565
57743470
43086114
34636289
83749239
42022350
59001713
81679554
63042796
41715489
97951951
91458689
26784663
66377476
52245559
81412935
35021039
8408093
88083142
60009057
52200908
13724429
47603681
51248420
55432962
77032511
47370316
95482502
88802402
67321869
32311112
62287100
92578020
22392055
9800128
45770172
32131568
1248718
14178459
16078750
13872175
48620520
32747706
33097259
5050364
59286320
78088503
22721991
95556654
24549968
12033618
74777893
22975546
90168334
81183602
71022584
10521969
14400750
75932582
44198854
199981
86841103
50434412
55229851
60242064
67763016
21472828
75902382
63459285
91232740
63637251
12010965
70483319
57276471
81577302
36800515
9838809
77179363
6079439
93948720
92835031
40626443
63313480
68207655
41630417
56981752
2162052
95804227
4340601
90076131
16915034
40267927
20792725
53486526
84936228
93582892
94587313
12935491
38430962
21948647
31266959
44192445
59542492
71972536
83929767
98808901
21464839
93564672
30688131
47593929
55274695
27128985
52260653
79459245
64467016
64085419
72154682
281404
27980470
15166439
18076083
46850841
66586512
2933065
22337064
17707825
97688973
43847563
16241573
17110486
97493898
576642
7178370
7333017
15704991
25458823
90409502
88232225
38595881
92556517
23534666
37076803
70842844
53745603
3354102
27678619
13226247
72724944
75229692
92295407
92986240
37137152
11936698
99276489
98205564
19243814
82266269
43612104
24048010
78032029
62898902
38256395
47015072
19963797
51935584
60598858
58128980
42288218
75468057
59072645
37130210
14346173
49225683
38370785
65230393
59208873
77407036
32004566
53173203
65208436
84254755
59467539
33831802
10353493
9141376
60878739
87589947
19944181
46609204
87076703
51529492
38947645
8300617
52884630
33322197
73599226
46865496
23218338
18809935
43912028
28021184
44493596
51680628
54484489
56139213
59471748
22959904
35671978
