5239
21031
25008
30082
34811
40174
42914
46830
52170
59267
117598
124488
128317
131203
139294
140847
148901
149347
160330
162629
173700
178694
194707
195789
199981
202635
211120
239891
246438
249665
273766
281404
287781
300810
308684
312147
312426
315881
322252
326458
332116
337011
338953
339809
348977
379691
385889
387566
434157
451017
451170
457461
458599
461016
462830
463146
469273
469506
477905
499435
505891
515749
537809
561159
570451
576642
577681
591482
620305
623649
626002
629057
639680
639991
660116
664374
664541
669294
714351
717139
717811
720405
735394
745954
746876
748539
754701
756389
761111
789193
801874
804931
805918
818176
818816
819153
830820
831531
838994
852873
853605
869174
879230
895535
905265
942186
983438
989306
996717
1016378
1021090
1024236
1055266
1057873
1062075
1073230
1090803
1117701
1124101
1148437
1157400
1177383
1181191
1191660
1198573
1203573
1205131
1210995
1212427
1216172
1230625
1232698
1248718
1255472
1262827
1276179
1283853
1303393
1318175
1363298
1370534
1382857
1382961
1391387
1398562
1408035
1432077
1449195
1460799
1464096
1465206
1469672
1471268
1496745
1498477
1528530
1556497
1560751
1567657
1575902
1579145
1580573
1588170
1591723
1609108
1615789
1652345
1657059
1658136
1672451
1676945
1678839
1681670
1706215
1721047
1728910
1729146
1735237
1738922
1748247
1763952
1776395
1792898
1798571
1801848
1824217
1843349
1845584
1864129
1888614
1889944
1902724
1912033
1919384
1925117
1925585
1930295
1936445
1937797
1937938
1960856
1961501
2023689
2024760
2069251
2069544
2082732
2087143
2096464
2104584
2126152
2129480
2132381
2149063
2162052
2167533
2174195
2191181
2211044
2227441
2234405
2236419
2237049
2244304
2248792
2275356
2278734
2282606
2285124
2293149
2296054
2297994
2308077
2311084
2314103
2315477
2325080
2329971
2337710
2357029
2369096
2386410
2387145
2394067
2401550
2404923
2428539
2446509
2456083
2463028
2469680
2475688
2480693
2529455
2534490
2535650
2559075
2578437
2627324
2638385
2646509
2658593
2671248
2679225
2691065
2697195
2705935
2728624
2735942
2736197
2783634
2792354
2798054
2800860
2803723
2820197
2837192
2878564
2880032
2901555
2904431
2914414
2933065
2934127
2942859
2946253
2982112
2991465
3002357
3004469
3004876
3012625
3021971
3030383
3042293
3055635
3056142
3058643
3062882
3090598
3101886
3106055
3107833
3108869
3112437
3119878
3126344
3148792
3153169
3170143
3173987
3193780
3223945
3228700
3228971
3239093
3244235
3249778
3259036
3260969
3261722
3274488
3285732
3287337
3292593
3311659
3311960
3335076
3342610
3352187
3354102
3362169
3385509
3385846
3386176
3394250
3395044
3399458
3406634
3427806
3433671
3460913
3469125
3469523
3505180
3508371
3519667
3548592
3554890
3565784
3585996
3592954
3601651
3614097
3624758
3632994
3637833
3644708
3657144
3660339
3660649
3669646
3673571
3675824
3692630
3693088
3727053
3727412
3727671
3731970
3737510
3783304
3785704
3798716
3804098
3804168
3810689
3811614
3813610
3824365
3871778
3876881
3880994
3882956
3900339
3900485
3909535
3973118
3988874
3992260
3998871
4015155
4015201
4022920
4024883
4039741
4043790
4053663
4055175
4074025
4080793
4089255
4102036
4104166
4108970
4114465
4134003
4134101
4151980
4166477
4171552
4171675
4187573
4193797
4198206
4199534
4205317
4231650
4232994
4262038
4269192
4274364
4274563
4282373
4283659
4294394
4308885
4331610
4340601
4351984
4358736
4392494
4392877
4402276
4412617
4434629
4450711
4468932
4470730
4480839
4487006
4495098
4511323
4511603
4511849
4524190
4536531
4543314
4562285
4566763
4586064
4592888
4596402
4601875
4609230
4614768
4616844
4631037
4633521
4642964
4661246
4663841
4674214
4687165
4689734
4691862
4714282
4715496
4734047
4734513
4742541
4754677
4762813
4764727
4772579
4818457
4821402
4850346
4855370
4865251
4883248
4888924
4892431
4905624
4922739
4942577
4963919
4965244
4968999
4972455
4976886
4985970
5009504
5011153
5012673
5014500
5016148
5021564
5034572
5050364
5062952
5072148
5076228
5083120
5096692
5108362
5135764
5141762
5157199
5204176
5204805
5233782
5234252
5234441
5251743
5253272
5277623
5283455
5290492
5320747
5330811
5333637
5336312
5349426
5352789
5361900
5379229
5382095
5389130
5417860
5419845
5426101
5436006
5445962
5475662
5510845
5525339
5549522
5564635
5571629
5581077
5584917
5588838
5598246
5610523
5610726
5616643
5624670
5631012
5638394
5640515
5642939
5654215
5664148
5676032
5677614
5679614
5684223
5704571
5717589
5721748
5729376
5739888
5739948
5744050
5762511
5769099
5772177
5796869
5808272
5809185
5839530
5851222
5863263
5865147
5896363
5930690
5935881
5942322
5946161
5948419
5950733
5958404
5978539
5981219
6005131
6012569
6018099
6022747
6023580
6024735
6042616
6046278
6049262
6049486
6050962
6061784
6070918
6076235
6079439
6085325
6090409
6102917
6113753
6114667
6117827
6148828
6149133
6149649
6150680
6151776
6158227
6158257
6173191
6177497
6182860
6183983
6198535
6217516
6218589
6226678
6229491
6250554
6262952
6266494
6274432
6293942
6328731
6343252
6353475
6358324
6368338
6387413
6391224
6395433
6409418
6420238
6431705
6431758
6436662
6442551
6443629
6447216
6454902
6468531
6472113
6472359
6477000
6478219
6478910
6482544
6495439
6503199
6510583
6519743
6520177
6533069
6557830
6558056
6565069
6567028
6571734
6596299
6610788
6612497
6617451
6639288
6649764
6659365
6681478
6695526
6699050
6703659
6716061
6726076
6727156
6728041
6734782
6740185
6751353
6754136
6755718
6757229
6768813
6769325
6802010
6822611
6838814
6846710
6875178
6883688
6886317
6888616
6899988
6906965
6932098
6933569
6941028
6970572
7000160
7010015
7019185
7033514
7042821
7047334
7054046
7059571
7075683
7084656
7087053
7095312
7129900
7142217
7147856
7150349
7158074
7176485
7178370
7183994
7185424
7191799
7195007
7215088
7218565
7223845
7230389
7250480
7272377
7300675
7327043
7333017
7337688
7348984
7363778
7366114
7377314
7383302
7383696
7385221
7390551
7394899
7405541
7406617
7411141
7424489
7425827
7439687
7443486
7461209
7490722
7494477
7515093
7530071
7531764
7558277
7561921
7567984
7573020
7581651
7586223
7631655
7637100
7644065
7661404
7665328
7677517
7682080
7686436
7726113
7730453
7737546
7757215
7765262
7774115
7782656
7788072
7802040
7810187
7822124
7826305
7827124
7828880
7834488
7839829
7844934
7851727
7854291
7858434
7867053
7871162
7878162
7893838
7900103
7910585
7915617
7920498
7925436
7942726
7950071
7975568
7975614
7993938
8048643
8059413
8071931
8082635
8085881
8109075
8128075
8131175
8142106
8143894
8150003
8151226
8152120
8153411
8154692
8173430
8184826
8190948
8205898
8213961
8224832
8226201
8265454
8275698
8278991
8283604
8299041
8300617
8319516
8335526
8344557
8348074
8373069
8375378
8382342
8391823
8397600
8405704
8408093
8413683
8447876
8451831
8459862
8462395
8464464
8466404
8489644
8491353
8524521
8550345
8573981
8575475
8608907
8609897
8614056
8637913
8639833
8640945
8645125
8645861
8645957
8653852
8660699
8663434
8663623
8668041
8668524
8674354
8674534
8686723
8691918
8702768
8706966
8712969
8745665
8748162
8750254
8770232
8770745
8790889
8810656
8814375
8836786
8838099
8842904
8861224
8862135
8870714
8875530
8876675
8885822
8889288
8889349
8897344
8903330
8903741
8920071
8920770
8924083
8926319
8927790
8929826
8956534
8957008
8967941
8983923
8987431
8990402
9009217
9016691
9017667
9021548
9035102
9079914
9089571
9101785
9108550
9119147
9122183
9125594
9126747
9128062
9138237
9141376
9157320
9161987
9181361
9201654
9208996
9211685
9226056
9229926
9230215
9241020
9255657
9281630
9298324
9300110
9308674
9312292
9316533
9316612
9326962
9328050
9330882
9337911
9363915
9370996
9377011
9377806
9405848
9432535
9450102
9456620
9457901
9469877
9483357
9495862
9500603
9502613
9503440
9510789
9514220
9514497
9520547
9526165
9529960
9533313
9549956
9576017
9583123
9585398
9606360
9608954
9610964
9615164
9616065
9623266
9627899
9634944
9639023
9643188
9688314
9698765
9713539
9728163
9735691
9751927
9752441
9780627
9786019
9797992
9800128
9802278
9816480
9816487
9826033
9828077
9838809
9842042
9865729
9870216
9871271
9893040
9898412
9905809
9907539
9909341
9909561
9922346
9922823
9933618
9946421
9954673
9960787
9991798
9996536
10003508
10019412
10041612
10049234
10064839
10110742
10112566
10159999
10217368
10236136
10255890
10257727
10269498
10282474
10283396
10292280
10303996
10312251
10315319
10353493
10353564
10374080
10376524
10381006
10386407
10386526
10393801
10399269
10399312
10403642
10404693
10409246
10421009
10422848
10430499
10432755
10460691
10464235
10504768
10505243
10505358
10521969
10523875
10530750
10535692
10536938
10550962
10567834
10568038
10580490
10598937
10601872
10642727
10660381
10676020
10679630
10701682
10702685
10708038
10717950
10731284
10733389
10757640
10767072
10770070
10776189
10784441
10787482
10791921
10819249
10822155
10829678
10857757
10869176
10871349
10872569
10891131
10906384
10909225
10932619
10938589
10938703
10948492
10955947
10957362
10963768
10971654
10976076
10978903
10986272
11006494
11021759
11028914
11086170
11099457
11102705
11128226
11148888
11149662
11157432
11159508
11166448
11180604
11181366
11185518
11197224
11202872
11211230
11219366
11220223
11234936
11245338
11250368
11253265
11259863
11275977
11283509
11286888
11295428
11307584
11308736
11321369
11348014
11367382
11396031
11403665
11407350
11411524
11422516
11446048
11465561
11470686
11479493
11490459
11507976
11513327
11516032
11521526
11545421
11549210
11570303
11578153
11582995
11586193
11596952
11613451
11613814
11625256
11644872
11652759
11662609
11670480
11711383
11730761
11748033
11758536
11772211
11775210
11793203
11806719
11824657
11839619
11851491
11889636
11893921
11907615
11909502
11936698
11938476
11941350
11958430
11972298
11973930
11974594
11992126
12010965
12021948
12033618
12035118
12066225
12068198
12076232
12082885
12097081
12101012
12101101
12116425
12142189
12151919
12167510
12175732
12197234
12201435
12204431
12211650
12213162
12233876
12242460
12246461
12252264
12268683
12270507
12291826
12294307
12322599
12331048
12336357
12336761
12369171
12379455
12385640
12395406
12402072
12406848
12424539
12428739
12438841
12446473
12446590
12455020
12455589
12460102
12481444
12492089
12497669
12505099
12506174
12525908
12568706
12573954
12583082
12583524
12590433
12593280
12622533
12628405
12632384
12646556
12647245
12658737
12663972
12667084
12691418
12691543
12692968
12701115
12703500
12710893
12715006
12728288
12743329
12752409
12765003
12770317
12796016
12807494
12807858
12817845
12825911
12836798
12838882
12840844
12841673
12851241
12855396
12868432
12869626
12871475
12875727
12876054
12884148
12886387
12904416
12906285
12921949
12927926
12928644
12935491
12960855
12985939
12991865
13014360
13041053
13060185
13079009
13093257
13097549
13105155
13105543
13108187
13124112
13134389
13147527
13153687
13174140
13179762
13192002
13203593
13208847
13210739
13226247
13235067
13243839
13247842
13285100
13286335
13292935
13297092
13306012
13306081
13374248
13377419
13386375
13399258
13424107
13453801
13502897
13506842
13510467
13520903
13530747
13546983
13550601
13569513
13573814
13603576
13615897
13617432
13618634
13627278
13632977
13640734
13709188
13720764
13724429
13726502
13735098
13738108
13740730
13751153
13769502
13791338
13798190
13798569
13809422
13810517
13816173
13827359
13827822
13865995
13867645
13872175
13875068
13894685
13897714
13901873
13903131
13911644
13913606
13940971
13946564
13952692
13956583
13958064
13965872
13973062
14006244
14009182
14017380
14051833
14065535
14076864
14090270
14103974
14114052
14120135
14123897
14142016
14153069
14154557
14154856
14178459
14179259
14208356
14210173
14225696
14231094
14253808
14254212
14260579
14270283
14288816
14299664
14312299
14318928
14323511
14327452
14346173
14350372
14356842
14357715
14359344
14365217
14370586
14377602
14382824
14384956
14400288
14400750
14404468
14408762
14412699
14427909
14428730
14448232
14451865
14465908
14470033
14487682
14516332
14539823
14585236
14596453
14608046
14608102
14617233
14664934
14670824
14679045
14679199
14702456
14704094
14711139
14718229
14722667
14747561
14749196
14761649
14765802
14774565
14793431
14794203
14802685
14818907
14819182
14824595
14840530
14844816
14846850
14864295
14874442
14884711
14891155
14899908
14930004
14932219
14936843
14968262
15002213
15015216
15017497
15020358
15036815
15053147
15059418
15079909
15101178
15101444
15106623
15118037
15121006
15125902
15145749
15156472
15160098
15164530
15164932
15166439
15218203
15245224
15273384
15284679
15308992
15310658
15345268
15350315
15357661
15357853
15364133
15373697
15379478
15380799
15383179
15383661
15399762
15409013
15463518
15472318
15482265
15487218
15505158
15518375
15545037
15560975
15566488
15568577
15574742
15595978
15596994
15604951
15610399
15617176
15617909
15618263
15646483
15650579
15650828
15657490
15658768
15666241
15675407
15688126
15704991
15722083
15727990
15728545
15733571
15736647
15742432
15744892
15755400
15789325
15799022
15815390
15830894
15831773
15850253
15851881
15863608
15874210
15912195
15932208
15934298
15962575
15985049
15991204
16023541
16037426
16048810
16078750
16085066
16107827
16112561
16114119
16131578
16134475
16140419
16140566
16145093
16161189
16186697
16192061
16199384
16209696
16237760
16239894
16241573
16247234
16259755
16263357
16280128
16297860
16302323
16315304
16325995
16327736
16339279
16342848
16344897
16349873
16363578
16376008
16382725
16383980
16389348
16397275
16401949
16411883
16415249
16420632
16456062
16476776
16477975
16488876
16497626
16514588
16516226
16519236
16548042
16569735
16570347
16594910
16602665
16627910
16643184
16645625
16647289
16662897
16663769
16670444
16681246
16688159
16688418
16694604
16703890
16706075
16754401
16757599
16761590
16761918
16777845
16802066
16809344
16815785
16823249
16829466
16879762
16883172
16892520
16911613
16915034
16917667
16955913
16973301
16980542
16981117
16989135
17003188
17012047
17012092
17021838
17024282
17031603
17036366
17038763
17043549
17056549
17076379
17081604
17090766
17094505
17110486
17118831
17144519
17150404
17154030
17158047
17159568
17162062
17164394
17171479
17184679
17217671
17221220
17229252
17241396
17273706
17282887
17283841
17305610
17306426
17307587
17320936
17321596
17332494
17370373
17382911
17384490
17392850
17399015
17409419
17432592
17448167
17468739
17474527
17476679
17478923
17492580
17506941
17516331
17524963
17562218
17567439
17571206
17578195
17580377
17584329
17591725
17600295
17607726
17626449
17626930
17630207
17631754
17661421
17696672
17697282
17704950
17705246
17706552
17707825
17714609
17753706
17760647
17778260
17784039
17784895
17796337
17808147
17817445
17824411
17833757
17837949
17842071
17860122
17863636
17872219
17877112
17878634
17894487
17904638
17915292
17918926
17919176
17922025
17923660
17941124
17951437
17965158
17987393
17990472
18003391
18003861
18005832
18012108
18027743
18030740
18046374
18058768
18063569
18076083
18077465
18090186
18096861
18098687
18109919
18112054
18121998
18133030
18137461
18141765
18143033
18171076
18178352
18201781
18207899
18235060
18249559
18268935
18293295
18301067
18311563
18329236
18338495
18352048
18383079
18392646
18393344
18401891
18421430
18425212
18430757
18454633
18456397
18458835
18460233
18470677
18473636
18483786
18505976
18522733
18524879
18528458
18538220
18542082
18560695
18579616
18594640
18610254
18613882
18629478
18630905
18655672
18667955
18681968
18684626
18689502
18704821
18760489
18764282
18765114
18769373
18769745
18791279
18796846
18809935
18865714
18866572
18873144
18873293
18883783
18889488
18928705
18937312
18955405
18957633
18980188
18988421
18990840
18991453
18994967
19008873
19025750
19036510
19046581
19060730
19064200
19083323
19086067
19087000
19112839
19117712
19126797
19134056
19140410
19143663
19146677
19148164
19150082
19150384
19154060
19168530
19169597
19199166
19218054
19221249
19226232
19231284
19231578
19241855
19243814
19246974
19247203
19257188
19258159
19263919
19267608
19280379
19280698
19285055
19303679
19315982
19324243
19331124
19354422
19354814
19358734
19362549
19389858
19398621
19420277
19421024
19435288
19444063
19451279
19458108
19461899
19464607
19468108
19501815
19514316
19520967
19530054
19531375
19537221
19545028
19557493
19580078
19587947
19592680
19604581
19614363
19619915
19622004
19628635
19628985
19630190
19658104
19660615
19666466
19690251
19701741
19706935
19742527
19742908
19746675
19755337
19800278
19810970
19811746
19842359
19902508
19925566
19926839
19928760
19936941
19944181
19946224
19961269
19963797
19989264
20012067
20025129
20036925
20051881
20052113
20114654
20146273
20148429
20149647
20164841
20175944
20179119
20188884
20214534
20225205
20235517
20252124
20253788
20253888
20259027
20281200
20289752
20290013
20309580
20323624
20326638
20336486
20342312
20372011
20385895
20387492
20392816
20399649
20401620
20406013
20407434
20420713
20424466
20449887
20454400
20477874
20481041
20489622
20490236
20527654
20536910
20556240
20563814
20574927
20585186
20591747
20593396
20594055
20595142
20597377
20609881
20621205
20654917
20666980
20697490
20703463
20725737
20740165
20763184
20783183
20783261
20788913
20791959
20792725
20799693
20800445
20810246
20813871
20815977
20816109
20821136
20842365
20844476
20868337
20884604
20889375
20902343
20921391
20925958
20939100
20952274
20954320
20954927
20955639
20963249
20967423
20978726
21007944
21012427
21018935
21019659
21021107
21022660
21028501
21034792
21050407
21098052
21103682
21110457
21113034
21127763
21173264
21183053
21209525
21246018
21254913
21256080
21266812
21276854
21295010
21301314
21309245
21324721
21329732
21339790
21350358
21351214
21362753
21377282
21392312
21410810
21412070
21429737
21432679
21436614
21448132
21450316
21460099
21460961
21464740
21464839
21472828
21473677
21483390
21487456
21490044
21491419
21504953
21524203
21525522
21555801
21559794
21566544
21574802
21587443
21590629
21599449
21615403
21615580
21625698
21627179
21635018
21636125
21637607
21639224
21663653
21668727
21687878
21699504
21717891
21738456
21742426
21756701
21759265
21773638
21803639
21806272
21824315
21830303
21840779
21857831
21868525
21874287
21886803
21896097
21916309
21936406
21942573
21948647
21949086
21971627
21971876
21973039
21980491
21982642
21982751
21987671
21997219
22014871
22022333
22045679
22052975
22078702
22083729
22086437
22088572
22096746
22100807
22103493
22107610
22127515
22157913
22170324
22171720
22225498
22226447
22257671
22267430
22298526
22299862
22305224
22319873
22323013
22330125
22337064
22345104
22351005
22373167
22373483
22392055
22393932
22395348
22398956
22417867
22434374
22436115
22442248
22444716
22446833
22447457
22452605
22458099
22462455
22489670
22490687
22498740
22502136
22517698
22520129
22536141
22539345
22547610
22555254
22557425
22558023
22583219
22586575
22588992
22595512
22600380
22623469
22624309
22635802
22639392
22650032
22652784
22653544
22654227
22657525
22676443
22678834
22695995
22701344
22705526
22715297
22721991
22725023
22731272
22737103
22739910
22766335
22778845
22781152
22781567
22786585
22798921
22800680
22802404
22804571
22805077
22828627
22858255
22865466
22868722
22873723
22874414
22876366
22877584
22882621
22897444
22900064
22900496
22919839
22921575
22959904
22971874
22975546
22982815
22984748
23011849
23022574
23026625
23062729
23069690
23086320
23090337
23101965
23118004
23135746
23176954
23192203
23211201
23213413
23217984
23218338
23226182
23229631
23253996
23255764
23269071
23297149
23298137
23304943
23325623
23337471
23338730
23339725
23340684
23342948
23344552
23347014
23362478
23367819
23372527
23388017
23396339
23409213
23430373
23435618
23450184
23453214
23461194
23473466
23477435
23479816
23486517
23488183
23490045
23496578
23503243
23504267
23515919
23534666
23567558
23571751
23600087
23614216
23619529
23630170
23630785
23640590
23643623
23643645
23654268
23662536
23668805
23672720
23673212
23683451
23700488
23721162
23730646
23745350
23750966
23759208
23771349
23772514
23785351
23794643
23795961
23834396
23836452
23843179
23847378
23851245
23862247
23864349
23881982
23886822
23912504
23919332
23923881
23926435
23939680
23944411
23951081
23956997
23962402
23964932
23969261
24002350
24007191
24020123
24025294
24027836
24048010
24055432
24069363
24075097
24086104
24091095
24093321
24115630
24129174
24131544
24133598
24134144
24136714
24140905
24140945
24141792
24144193
24151311
24158869
24165726
24167192
24172329
24203731
24210930
24217028
24223991
24231056
24240891
24242543
24250833
24253684
24269958
24298610
24310993
24312973
24312978
24340469
24371153
24376119
24376793
24379990
24391155
24415358
24432930
24435573
24454643
24457763
24460101
24480050
24486693
24489565
24490982
24493349
24495923
24502415
24510535
24519099
24522075
24544249
24544962
24549968
24558997
24567093
24589034
24593738
24593842
24601035
24644758
24650940
24656652
24657806
24675259
24691890
24722309
24722556
24727346
24728502
24729335
24730543
24732350
24733835
24741418
24746594
24766208
24767045
24792173
24800504
24811817
24814481
24822775
24829691
24833596
24833722
24843728
24853319
24857692
24860210
24863667
24865477
24875215
24881801
24899215
24899835
24930779
24944112
24950458
24966758
24976326
24978657
24980794
24991508
25001475
25009943
25033872
25033967
25037506
25039211
25055102
25065894
25067802
25070587
25070723
25071715
25072080
25083264
25096289
25108510
25116101
25142289
25146375
25155049
25156409
25162283
25178564
25179647
25190354
25203331
25219152
25220858
25241564
25241672
25248673
25250343
25258731
25259068
25266156
25276967
25288973
25289900
25290479
25300861
25307050
25317629
25321504
25336984
25340196
25343100
25365631
25380864
25387884
25412262
25423412
25427943
25433467
25440201
25441668
25448820
25458823
25465728
25465792
25497642
25513111
25513318
25541474
25606597
25630080
25633580
25639496
25642495
25644077
25649502
25660542
25688217
25701026
25708035
25708337
25711257
25711961
25723674
25725634
25740962
25763207
25771585
25779476
25783439
25802323
25832445
25844127
25857310
25861255
25867037
25896220
25903211
25905705
25906004
25906727
25909808
25911723
25912976
25923982
25933839
25967405
26017212
26029773
26036578
26037371
26054745
26056827
26060338
26063689
26070202
26070353
26073249
26075559
26098980
26101773
26103448
26120857
26127051
26129050
26148064
26155042
26158962
26168578
26171474
26184967
26214304
26217509
26236725
26237062
26238908
26239404
26248430
26256437
26258092
26259130
26262757
26269958
26271091
26272057
26286778
26292242
26292507
26294419
26298728
26300199
26300807
26311513
26314012
26327663
26339907
26345279
26363759
26374517
26385244
26397612
26398445
26407159
26409318
26409390
26411725
26413503
26448738
26450724
26452501
26472359
26480430
26487817
26489581
26492785
26493357
26499446
26502343
26513913
26515742
26572586
26572975
26578428
26586163
26588427
26599585
26619908
26624533
26632546
26633291
26637578
26653224
26668330
26669278
26670211
26676276
26678098
26692331
26702460
26708970
26718126
26724570
26733745
26767383
26769557
26772299
26784663
26794251
26795603
26795642
26800841
26806666
26810884
26836716
26848191
26859285
26906611
26912415
26922759
26923829
26929536
26931766
26932185
26936139
26942830
26950845
26962895
26967285
26970901
26972141
26973565
26973886
27019792
27055997
27057801
27069272
27074175
27088328
27092728
27103185
27108679
27121725
27128985
27139627
27142657
27149251
27152750
27153917
27154999
27163103
27177651
27180895
27184761
27200742
27238914
27241245
27248956
27259091
27267527
27290784
27297411
27307545
27324111
27327510
27344602
27352883
27354279
27362110
27362574
27367487
27368389
27375396
27389928
27401024
27408694
27418804
27425911
27432952
27447667
27475520
27492889
27502666
27504586
27523035
27525126
27541314
27558848
27573775
27575163
27580154
27580569
27582670
27583313
27594829
27600642
27617235
27618095
27622855
27629258
27634262
27634662
27645205
27656698
27656819
27674262
27678619
27693059
27694127
27701217
27701524
27703489
27724128
27732013
27734336
27735949
27740161
27763182
27787048
27790666
27812147
27841459
27849768
27854243
27855671
27868288
27875880
27890405
27901133
27907085
27923737
27936120
27965251
27979690
27980470
27993960
28016970
28021184
28032223
28040906
28050394
28052655
28065192
28065579
28066915
28067423
28075500
28079558
28088808
28107914
28108708
28151683
28160058
28164666
28185160
28189816
28195068
28207400
28210495
28223668
28228796
28251854
28253790
28264889
28280066
28285449
28288348
28300813
28311694
28328273
28342289
28352820
28376617
28376647
28379694
28380727
28385851
28395064
28398792
28402221
28407865
28417032
28420570
28425683
28432843
28450975
28451712
28472926
28478842
28489139
28490471
28493153
28529907
28535123
28545364
28560291
28562305
28587110
28593069
28593863
28597280
28601125
28611854
28623371
28635493
28638857
28643477
28652949
28655559
28656193
28693461
28714331
28721857
28722636
28723489
28744943
28745952
28747831
28778312
28790760
28791532
28795741
28813203
28813480
28826467
28838338
28846194
28848281
28856004
28856077
28888563
28897676
28913908
28927404
28929278
28931792
28938089
28943864
28946274
28954551
28956196
28958888
28968820
28975995
29027296
29043568
29045422
29057152
29106110
29112041
29117124
29130469
29137050
29142549
29151840
29154795
29161678
29169190
29181465
29193426
29214553
29230343
29263859
29279764
29296441
29305948
29315361
29317533
29353759
29359694
29371949
29382740
29384838
29409079
29419234
29436669
29437705
29441277
29457713
29481561
29488926
29501656
29509305
29517837
29532217
29545331
29555783
29580291
29586816
29588119
29607846
29610337
29618449
29640013
29648852
29659855
29667629
29693068
29699800
29711271
29731409
29763731
29764274
29767463
29781593
29787848
29804950
29874063
29899841
29905521
29909889
29918219
29924180
29927919
29938106
29938718
29946480
29986049
29997413
29999211
30002773
30020338
30024501
30025870
30030047
30035468
30050743
30061707
30101423
30102659
30105571
30106929
30123591
30151288
30151472
30158144
30159651
30176700
30178599
30178823
30222150
30231900
30244816
30265103
30273980
30275386
30275391
30275437
30293653
30301413
30307595
30308008
30310908
30326892
30328334
30360058
30360588
30372908
30376343
30378867
30379445
30381508
30396960
30414578
30424211
30428477
30429826
30462473
30482858
30495312
30524874
30525596
30551863
30559925
30563991
30564494
30584500
30592374
30599543
30602193
30603290
30637467
30645750
30647339
30661269
30665470
30676960
30681473
30688131
30691026
30693927
30719828
30745805
30787535
30789892
30794937
30797546
30840498
30855932
30858184
30864101
30875763
30890040
30891789
30906296
30922748
30930943
30965328
30982752
30990153
31017071
31024735
31034767
31044173
31044545
31045177
31046720
31049946
31052227
31066810
31077785
31077959
31083152
31111521
31118192
31129300
31158346
31167929
31174619
31180853
31195833
31210451
31223868
31247402
31248143
31251964
31252944
31263497
31266959
31283692
31284701
31291912
31294177
31327041
31335873
31351068
31360334
31369032
31387198
31420612
31427114
31427156
31429906
31440275
31450552
31457400
31469824
31470017
31482250
31485683
31486412
31492206
31503568
31506160
31506512
31511324
31547012
31550509
31572862
31583157
31599089
31609266
31626845
31659136
31669905
31689025
31723877
31759488
31779034
31822123
31824271
31855286
31879197
31879958
31880484
31899930
31906071
31926392
31941108
31947529
31957026
31997767
32004566
32025675
32029717
32031906
32040687
32042074
32042105
32057089
32062046
32064343
32086378
32089336
32098753
32100042
32103522
32108577
32119736
32131568
32133808
32135942
32145950
32148544
32148722
32175925
32176995
32180806
32199696
32208564
32210189
32212101
32223749
32232288
32232912
32240664
32260222
32264334
32267350
32284944
32289542
32296975
32305154
32311112
32344959
32352191
32362984
32367364
32396799
32421987
32423011
32428606
32440321
32445752
32447163
32473011
32475257
32480104
32485822
32523267
32523522
32526415
32541446
32563234
32571389
32573563
32580794
32590279
32598561
32605685
32607156
32610508
32612396
32614170
32672371
32677116
32677150
32697131
32709028
32714895
32721559
32732847
32739455
32739498
32744566
32747706
32753259
32759252
32761352
32771407
32783865
32784352
32787322
32833013
32851517
32852730
32870617
32896144
32908675
32921852
32941159
32947788
32949556
32950639
32992052
32994850
33019490
33026290
33029452
33032510
33041206
33060800
33063360
33065155
33072494
33097259
33102185
33105346
33110058
33129709
33129861
33132150
33136678
33138603
33142026
33146024
33162528
33172881
33186478
33190113
33195415
33199015
33200937
33225563
33247245
33250078
33251795
33301330
33322197
33337819
33343024
33345041
33351304
33358784
33363416
33370538
33376997
33383272
33391042
33392026
33411131
33423737
33431030
33437375
33449384
33450793
33456464
33466567
33469065
33481244
33495245
33511463
33535897
33542123
33555238
33555240
33566549
33586458
33592800
33599866
33601158
33606153
33613078
33626157
33626913
33640194
33641255
33663746
33668388
33688277
33692500
33710134
33721657
33734605
33736195
33742429
33757346
33768072
33777994
33780651
33782935
33784409
33791952
33798808
33800903
33802082
33826344
33830826
33831802
33832280
33855376
33860518
33874188
33876056
33893634
33895939
33914370
33926062
33926597
33975649
34002188
34012850
34022582
34062026
34077976
34093659
34098349
34105353
34106198
34118241
34121113
34123051
34160331
34164603
34181253
34194079
34207282
34220973
34220974
34226881
34242806
34246047
34256407
34258567
34263432
34284788
34295270
34316188
34322140
34324310
34324396
34324860
34336110
34342446
34357925
34375397
34377607
34400416
34408713
34409871
34418235
34444342
34456932
34464074
34489245
34493593
34498994
34528230
34535910
34566907
34599683
34607519
34609290
34621952
34636289
34642231
34658239
34659652
34660279
34660730
34662281
34664804
34692906
34695922
34719197
34779654
34784193
34816060
34827861
34847010
34849393
34856722
34863989
34864866
34866106
34898625
34901284
34918868
34920649
34940821
34943392
34961175
34968209
34992758
35000676
35004564
35014671
35021039
35022161
35023023
35031860
35047420
35062079
35063583
35075768
35102662
35107041
35108469
35112552
35115340
35117199
35126450
35156157
35176567
35178444
35179433
35192745
35222669
35224328
35240945
35260098
35296366
35299585
35309376
35317779
35346401
35357065
35360947
35367334
35380579
35381587
35388005
35408269
35421579
35437133
35439545
35441640
35450613
35452324
35460282
35468284
35474784
35485326
35497462
35498210
35499367
35501340
35501653
35503205
35511623
35546527
35550984
35552210
35555294
35583289
35591395
35595054
35607712
35628941
35641371
35648518
35654013
35666469
35671978
35681037
35688131
35694866
35699794
35725609
35733414
35750364
35760403
35763414
35763864
35788706
35789933
35805159
35807852
35833887
35857783
35859516
35883795
35886271
35889748
35909198
35911135
35922173
35922260
35930445
35939551
35945079
35946141
35957674
35973584
35985556
35993216
35993892
36039422
36074774
36075966
36090690
36121134
36122307
36130527
36135899
36139910
36156515
36162103
36164116
36178057
36181705
36187368
36194320
36219367
36224264
36233147
36242893
36250997
36258687
36292051
36310592
36315150
36331903
36349524
36350280
36352258
36353500
36387683
36393712
36411666
36416274
36423571
36452537
36472435
36520683
36521585
36523249
36536985
36537414
36545280
36547896
36554857
36563978
36584036
36585693
36586086
36588441
36608047
36610403
36616863
36618221
36635419
36642905
36650498
36650940
36665847
36677373
36679413
36679823
36680144
36681440
36682171
36685789
36695584
36696992
36705017
36709607
36712530
36719380
36728015
36731244
36742894
36765405
36780607
36793755
36800515
36837080
36839205
36852896
36861938
36872966
36884160
36892985
36906504
36919184
36919898
36931405
36955012
37019811
37025680
37034776
37051203
37051241
37066225
37076803
37080852
37086657
37088195
37093662
37096413
37099583
37130210
37137152
37138567
37141995
37149706
37150571
37154952
37164288
37164681
37174108
37216508
37217295
37222449
37226915
37227849
37257978
37281747
37285289
37289412
37291383
37310597
37326378
37330929
37331343
37334801
37336767
37362282
37362675
37371750
37376127
37379005
37397387
37403020
37412550
37427521
37433605
37434062
37442655
37447973
37450186
37464703
37477857
37489160
37490256
37491559
37505637
37521711
37531763
37534779
37540971
37548610
37557573
37567668
37585447
37587693
37617895
37619038
37620445
37628991
37631739
37636525
37636707
37637897
37639887
37645380
37648426
37654351
37671335
37678868
37680618
37705827
37708580
37709973
37731017
37732863
37744027
37746147
37748370
37762002
37770576
37772221
37781072
37804077
37814643
37819430
37824796
37825791
37833476
37848447
37850498
37870949
37886084
37887826
37889803
37908201
37923114
37924901
37936647
37956971
37964185
37983009
37988306
37989471
38002211
38007231
38007346
38030119
38031766
38032153
38032259
38043133
38044737
38050272
38053834
38064806
38072951
38076921
38078681
38079584
38092810
38093905
38098661
38109172
38112568
38128071
38132710
38160376
38169302
38176997
38178948
38179114
38183563
38190359
38196307
38197230
38197520
38202595
38202649
38206873
38208903
38214622
38222937
38225426
38237339
38240542
38240624
38256395
38256487
38259375
38268540
38290111
38297566
38305705
38314796
38319059
38370785
38381119
38381868
38383098
38397059
38403244
38430962
38432903
38434873
38446797
38473063
38483074
38483994
38504628
38506749
38537504
38540118
38541939
38547369
38569984
38578250
38579990
38595881
38614093
38624856
38632287
38636826
38649447
38654092
38655948
38694731
38725265
38725625
38726788
38732982
38753832
38764057
38782196
38789567
38794123
38806255
38815843
38826544
38828753
38858808
38864170
38870969
38878156
38889126
38893422
38907861
38908890
38926291
38930581
38934722
38943468
38947243
38947645
38947851
38964844
38969268
38987841
38996235
39001007
39066095
39070123
39075557
39080916
39087551
39096298
39099121
39103429
39103885
39105953
39114598
39119702
39121513
39131141
39148436
39165251
39172453
39173114
39173501
39198647
39217558
39224721
39229703
39249994
39250377
39257658
39259867
39267911
39269645
39273520
39286512
39289843
39292815
39297050
39303998
39313943
39314617
39331578
39342097
39355765
39355961
39356054
39357246
39361446
39378009
39378191
39399026
39416419
39419400
39431915
39457668
39463708
39488097
39497127
39498583
39499068
39509569
39514028
39514554
39520368
39533922
39545905
39547995
39560235
39565928
39574263
39577017
39580782
39612825
39628740
39635942
39636273
39650305
39658629
39660720
39665590
39667699
39671447
39685774
39694046
39711229
39723483
39724633
39725401
39737620
39741030
39752560
39771835
39773250
39788750
39797541
39823084
39849557
39874748
39881559
39896912
39902265
39907766
39927995
39940055
39942272
39950567
39950838
39959312
39974566
39975735
39982959
39988142
39990219
39998682
40017916
40019091
40023674
40036853
40037049
40040918
40040987
40042983
40045947
40053033
40076110
40089725
40112246
40172454
40173030
40178624
40192582
40195334
40225373
40229092
40234770
40255647
40257945
40267927
40273329
40304172
40305225
40326045
40329734
40341880
40342369
40375223
40396384
40397839
40399982
40425234
40431157
40431244
40435317
40457102
40474911
40489117
40502168
40551151
40555060
40556866
40563905
40580253
40589314
40589800
40626443
40627886
40658675
40659692
40674731
40677352
40710111
40710309
40717656
40755495
40756432
40768627
40769496
40777162
40782916
40783533
40788613
40796825
40821198
40825107
40867841
40867881
40882635
40893997
40895957
40904482
40930624
40936048
40944592
40950048
40954574
40959933
40972504
40992366
40995244
40999718
41042322
41066174
41083855
41089235
41106010
41119221
41127957
41148716
41156247
41167226
41167655
41201266
41201683
41211374
41214154
41217327
41225717
41234221
41240260
41241257
41248187
41251195
41258095
41267408
41287269
41293582
41304653
41305750
41321565
41348289
41348683
41362598
41366926
41374965
41386334
41402979
41416496
41440510
41441560
41448831
41451998
41457246
41464584
41507283
41527780
41539714
41542779
41546470
41607763
41622953
41623330
41630417
41635845
41645543
41648317
41648758
41665423
41666460
41675248
41694598
41695412
41697920
41715489
41747025
41760553
41763352
41778594
41806974
41808695
41821614
41850264
41852028
41855135
41856618
41865039
41880533
41886887
41905305
41906263
41907041
41912830
41916769
41918269
41922612
41932238
41948374
41958240
41989409
42007890
42011547
42022350
42023061
42028096
42035448
42046344
42052947
42056330
42062281
42064008
42070281
42072208
42077840
42084291
42110313
42123508
42131319
42132477
42138859
42149426
42149845
42150331
42154367
42169120
42184167
42188938
42197357
42198177
42203154
42209940
42211331
42213490
42214857
42234229
42251801
42252037
42259259
42277495
42288218
42310529
42316028
42328328
42347700
42376266
42395038
42399344
42402642
42407354
42414756
42414933
42453743
42458189
42469450
42483897
42493886
42497017
42515410
42537276
42546449
42546557
42576002
42601002
42603579
42604478
42606838
42617354
42652459
42653576
42665874
42671082
42675542
42685480
42698156
42708857
42716853
42730931
42732070
42741096
42743595
42757233
42772963
42774426
42821697
42822685
42824239
42826546
42830985
42831364
42833182
42836336
42840105
42859617
42865877
42867465
42867542
42878686
42881185
42894482
42895494
42900304
42919106
42929145
42929283
42929940
42932127
42939165
42950800
42997914
42999935
43012300
43015959
43024675
43027332
43031578
43034556
43051221
43052002
43086114
43097830
43100849
43102198
43110819
43126543
43141754
43153661
43160829
43192294
43196582
43223249
43225459
43235085
43248069
43250186
43255841
43264044
43267535
43270717
43278198
43280530
43291895
43294914
43300255
43316979
43339805
43340322
43355317
43359019
43360370
43361888
43365936
43373219
43386419
43389818
43403924
43410894
43411379
43423885
43442235
43457721
43470172
43473838
43483181
43488201
43492175
43497460
43498369
43504120
43507282
43516771
43519526
43553224
43553373
43554414
43555594
43569208
43569864
43571830
43591310
43609613
43612104
43614067
43619088
43622135
43640105
43646442
43650294
43650759
43660896
43681024
43690827
43700774
43714391
43726948
43743563
43756491
43760314
43775999
43779766
43834861
43839140
43844642
43847563
43860475
43868438
43883951
43885365
43886939
43888115
43889797
43894544
43912028
43932811
43938891
43958238
43973330
43992516
43998412
44002875
44013809
44018205
44032898
44051047
44051215
44056774
44062901
44066128
44067282
44067971
44089458
44106198
44139465
44165572
44192445
44198854
44212490
44213876
44221779
44223011
44223905
44229562
44235821
44239206
44246439
44249492
44267302
44279960
44286812
44296092
44300818
44310622
44313478
44324570
44338101
44357499
44360559
44365255
44380069
44395773
44401856
44431442
44439336
44457106
44457722
44458033
44483862
44493596
44528123
44529244
44530969
44537154
44539216
44563176
44566435
44580379
44613206
44614860
44638582
44640810
44643472
44660226
44663588
44686448
44715452
44735303
44741290
44749959
44765229
44772052
44794244
44795308
44795713
44799604
44804182
44810096
44810376
44810614
44814165
44817702
44822815
44829526
44832400
44855033
44867438
44875183
44881926
44890435
44890923
44894863
44921886
44924020
44929754
44947315
44957900
44967233
44984791
44992140
45003648
45006521
45024046
45042916
45048088
45071832
45086183
45092453
45116543
45123624
45130970
45138558
45181484
45189345
45201766
45203480
45203799
45204991
45225173
45228113
45243645
45253079
45259002
45259595
45267298
45267433
45305811
45306997
45312340
45317408
45322102
45332442
45342058
45344444
45350066
45358655
45382862
45386966
45403548
45418221
45418639
45432610
45433292
45437768
45468037
45474526
45492417
45507312
45512113
45513482
45528048
45548974
45560717
45563070
45598365
45604733
45607968
45615594
45617310
45617490
45619882
45621594
45630073
45633750
45644946
45650738
45665833
45667455
45671535
45682361
45683362
45684155
45690722
45700065
45707819
45726803
45756664
45759343
45766872
45770172
45774694
45789833
45796580
45824882
45831376
45836296
45844925
45850820
45873373
45882250
45884280
45889057
45900176
45914174
45916063
45918476
45918763
45919045
45927288
45961854
45964383
45969394
45979416
45983513
45991291
46012099
46036008
46044672
46064858
46071192
46074248
46084157
46092671
46106305
46118294
46136668
46139048
46141451
46153877
46157676
46168532
46175347
46182380
46186857
46188726
46194818
46197168
46198655
46205219
46240486
46246728
46261135
46272860
46287022
46294325
46299392
46305820
46307354
46316625
46324191
46350991
46358278
46362994
46364020
46383138
46393749
46408585
46409002
46440578
46442480
46444682
46445612
46446591
46478062
46485351
46487381
46500458
46501212
46507871
46510159
46517849
46522217
46546924
46555466
46562917
46564749
46569246
46574778
46577093
46584511
46594668
46603277
46609204
46615130
46626737
46631741
46635638
46654785
46655687
46661997
46667822
46692468
46726794
46733340
46738734
46753048
46778473
46782697
46799313
46805678
46807398
46813166
46821224
46830896
46850841
46851667
46855618
46863710
46865496
46870166
46873538
46881978
46895021
46898452
46906385
46925122
46938248
46942933
46997357
46997455
47013036
47013784
47015072
47019413
47019846
47020426
47056555
47071479
47072212
47087284
47088013
47089611
47099337
47108072
47108757
47126189
47127536
47147751
47152540
47161064
47173934
47174535
47186218
47215209
47217024
47244121
47248638
47280008
47284179
47290470
47294406
47295292
47314710
47324514
47336604
47337489
47350266
47350326
47362017
47370316
47389233
47411376
47422525
47426179
47434691
47435592
47450470
47450506
47470162
47470914
47473908
47489161
47491766
47494722
47496070
47507516
47509447
47516209
47532419
47559669
47565595
47577144
47578968
47590091
47593929
47603681
47605839
47608287
47611919
47644438
47645819
47659330
47665817
47670273
47685891
47691267
47691413
47719326
47730895
47732093
47735615
47775904
47787359
47790357
47806915
47813424
47813747
47814508
47836971
47839991
47867586
47893682
47916603
47916950
47925258
47931077
47937898
47949507
47958461
47959084
47975874
48014998
48026579
48038769
48042985
48044675
48052901
48071990
48072092
48077238
48080848
48080908
48083910
48085460
48118494
48121630
48129166
48139308
48142376
48143898
48146047
48148888
48154761
48160729
48198439
48207119
48215928
48224605
48236152
48247777
48266294
48272183
48278511
48287984
48300562
48314647
48328589
48332876
48338804
48352044
48366096
48374026
48399618
48403582
48406022
48406260
48461352
48462294
48465319
48466840
48477984
48491551
48500358
48510209
48519097
48524447
48525761
48526424
48529509
48534879
48557117
48559256
48564007
48564527
48564789
48567741
48577217
48596881
48600376
48619474
48620520
48636666
48655660
48661085
48671549
48680740
48693994
48714225
48728664
48741236
48751463
48764318
48803010
48809391
48815319
48818432
48820674
48834015
48856353
48874240
48887781
48890353
48891025
48896184
48897548
48920455
48939271
48942075
48950941
48959347
48988890
48990804
48993261
49004005
49007927
49017242
49027669
49028196
49052227
49066295
49068371
49070329
49078848
49086710
49095578
49098048
49099935
49112699
49112903
49126310
49141994
49146961
49188200
49190095
49193545
49195096
49214388
49218700
49220662
49225683
49240420
49240814
49245749
49250170
49254012
49257675
49259291
49263780
49267181
49277144
49301728
49302018
49311531
49319549
49326210
49334370
49337188
49344592
49368011
49371932
49380367
49393969
49407894
49435122
49445006
49448134
49453217
49455941
49486989
49487190
49496238
49498154
49507475
49513448
49520411
49522108
49529131
49585781
49595497
49596502
49603616
49603998
49612298
49621394
49626399
49636156
49659236
49671426
49703483
49716116
49718129
49723795
49728252
49738698
49758580
49759469
49766113
49774500
49776211
49787844
49808682
49831474
49834371
49858353
49870163
49884437
49892259
49903297
49930001
49942483
49944849
49970602
49979752
49984471
49998297
50002815
50016729
50017577
50039691
50072436
50083826
50109795
50120410
50123329
50123480
50125063
50128716
50129348
50130958
50164950
50167307
50187382
50191281
50201210
50205561
50214907
50243139
50243775
50255814
50324411
50343819
50370189
50388179
50434412
50440585
50460407
50477848
50497770
50513636
50518310
50526336
50541576
50553924
50554237
50576629
50583957
50598312
50607276
50614221
50624224
50637585
50638034
50657819
50662863
50666237
50669427
50672006
50678723
50680395
50698344
50716100
50721323
50724932
50742096
50749333
50764522
50766608
50778930
50813952
50837579
50843894
50855496
50862480
50866006
50867849
50869356
50875019
50895710
50899342
50924616
50936469
50940622
50945902
50946025
50956955
50967708
50972008
50972563
50981944
50983175
50986813
50993056
50999164
51013624
51016485
51030304
51051009
51055035
51056330
51057449
51079160
51079809
51081794
51085931
51090744
51103339
51112253
51116367
51116829
51126900
51129135
51164110
51164816
51172437
51177272
51190343
51195751
51199730
51203276
51212901
51212935
51216409
51226720
51248420
51266079
51272364
51285180
51303292
51309231
51312490
51326862
51329041
51332358
51338343
51349490
51363257
51364283
51364334
51370312
51375767
51393790
51398390
51415100
51432975
51455959
51458971
51469433
51469980
51473805
51489104
51491054
51494385
51500454
51517507
51528324
51529492
51533187
51558809
51569247
51572061
51572106
51574739
51594056
51612591
51612599
51615062
51628202
51639420
51674038
51680596
51680628
51683503
51687633
51698599
51699629
51728146
51734869
51741524
51747171
51757088
51784900
51794972
51805157
51810271
51818880
51855952
51868910
51888940
51891815
51916902
51920303
51924259
51935584
51950400
51962699
51975339
51978624
51983840
52000031
52008786
52031320
52032482
52048524
52050034
52065630
52071591
52073236
52081917
52081979
52097483
52098758
52115181
52120442
52171952
52186410
52189385
52195463
52200908
52213215
52215035
52215642
52245559
52252790
52260653
52274890
52295556
52296963
52303807
52317081
52341890
52342176
52346740
52348728
52358689
52360486
52367298
52372379
52375687
52377030
52377931
52393317
52397447
52408563
52419337
52427723
52435402
52436332
52438174
52449378
52452412
52461956
52463698
52467493
52486370
52487554
52495247
52516042
52522244
52529372
52536088
52557058
52563475
52564028
52573818
52576305
52585624
52586823
52592166
52601614
52610540
52612135
52621346
52628709
52659360
52662863
52681135
52697054
52704102
52715774
52732654
52733288
52734131
52744134
52760209
52782776
52827298
52830740
52840338
52841475
52849317
52850819
52861608
52884630
52900313
52938402
52953857
52965613
52977590
52992973
52995870
53001501
53025750
53028930
53044867
53052243
53071451
53074086
53082827
53088403
53090739
53095191
53107587
53107635
53108976
53142027
53145234
53148992
53165411
53173203
53176018
53176150
53189096
53195638
53204100
53205506
53207273
53214382
53218659
53219189
53229439
53253743
53280005
53299695
53300239
53336507
53345106
53346948
53365065
53366539
53370381
53372986
53376231
53377761
53401147
53403106
53410893
53420957
53427470
53428135
53432562
53445984
53463652
53465760
53479188
53484570
53486526
53504099
53515947
53518416
53519373
53519735
53539969
53555843
53559542
53560708
53579907
53602302
53604696
53608485
53611247
53637332
53653997
53664020
53670378
53677093
53677527
53679000
53698884
53700774
53711589
53716015
53732023
53740256
53745603
53745928
53747875
53774383
53775071
53807781
53809059
53819497
53820238
53836736
53838476
53865649
53877672
53913305
53949400
53963376
53968167
53980106
53985964
53994444
54000701
54003958
54005399
54012782
54013061
54013153
54022961
54040123
54040604
54065382
54075533
54082069
54103152
54131254
54150016
54163072
54164819
54170947
54173743
54186995
54187663
54187944
54206736
54237481
54256149
54275398
54278767
54283375
54283628
54289454
54313098
54335833
54361779
54362658
54384760
54399572
54404616
54419451
54421203
54436451
54448951
54450764
54459766
54463510
54476621
54482539
54484489
54507208
54509747
54527089
54542698
54547295
54555220
54558729
54564108
54574343
54577834
54600342
54602293
54625647
54626094
54632499
54635653
54648074
54674863
54685974
54694145
54706855
54709208
54718631
54747058
54754732
54763319
54784266
54803007
54829879
54836400
54842823
54847654
54856886
54868412
54872136
54882004
54890127
54904231
54933436
54962636
54969082
54989058
54993034
55001026
55018221
55020338
55024203
55024952
55033444
55035234
55041872
55043382
55053468
55055685
55062731
55083248
55086202
55086751
55087567
55100173
55104323
55121289
55125680
55128618
55132663
55148323
55154848
55157341
55159115
55164537
55168294
55198733
55201350
55202871
55211145
55220287
55225002
55225491
55229851
55231316
55235599
55239924
55251047
55256145
55258342
55260755
55267265
55274695
55278435
55279088
55283873
55293444
55309603
55310530
55313975
55335755
55337245
55342421
55343834
55370129
55370610
55373570
55388564
55388950
55390882
55412272
55432962
55433474
55458384
55462537
55466968
55471680
55488795
55507931
55550818
55562068
55567869
55573135
55592216
55614305
55622196
55634993
55644551
55648368
55670205
55673818
55679539
55682299
55683029
55683946
55684236
55712743
55722714
55724495
55727142
55727929
55739749
55745535
55746150
55754995
55756365
55781406
55826774
55856653
55870709
55872474
55902908
55903988
55964175
55979914
55987886
55996422
56002911
56010711
56013976
56030469
56032616
56056053
56068959
56073651
56080533
56081730
56100215
56116404
56116734
56117453
56129581
56139213
56144446
56151855
56153229
56158868
56171468
56171489
56183699
56196454
56200320
56200519
56207781
56238968
56240039
56258422
56258659
56292446
56296277
56297766
56339200
56343698
56346089
56363910
56393007
56402226
56404106
56438873
56451417
56453731
56456702
56470112
56476382
56504133
56504893
56506445
56528418
56533305
56535487
56537770
56546037
56555161
56582281
56602937
56679355
56681989
56691565
56702511
56715263
56718359
56721051
56723059
56742271
56748896
56755842
56764647
56783371
56784845
56789788
56795272
56807168
56834923
56863542
56872131
56872990
56880672
56884007
56888451
56890511
56897605
56913197
56927616
56934347
56934708
56935636
56935725
56940449
56946573
56948512
56955605
56963359
56965006
56971700
56978399
56981752
56986587
57011638
57016930
57031215
57033893
57037674
57055954
57056535
57064210
57086129
57092893
57093054
57097392
57106602
57152328
57154646
57166011
57172309
57172467
57179567
57186188
57209522
57220029
57233763
57273647
57276471
57278550
57289097
57300899
57306004
57323812
57333989
57352546
57358676
57365840
57386874
57389221
57400155
57405556
57407754
57414519
57419321
57425331
57428061
57441050
57452039
57463191
57464729
57468379
57499736
57501803
57520327
57554848
57572186
57575629
57585954
57610153
57616608
57619494
57632053
57654718
57655861
57666358
57666446
57682669
57699848
57706441
57720758
57730088
57732718
57738933
57743470
57746497
57751543
57763353
57824834
57825531
57827413
57834637
57835002
57839276
57840220
57850776
57859802
57881760
57882362
57893716
57914227
57916018
57919811
57923877
57924723
57952393
57954410
57959013
57967722
57974102
57976372
57977508
57982783
57989818
57991333
58010603
58022198
58034211
58044221
58069658
58072765
58114782
58126707
58128980
58152052
58166899
58167797
58173408
58174751
58178465
58179180
58208763
58215044
58222736
58223731
58228416
58241573
58243889
58253454
58255551
58264055
58279596
58284364
58321726
58333199
58339806
58381286
58389179
58389691
58392387
58394279
58396190
58401304
58404824
58405537
58407573
58417465
58420065
58422689
58442000
58449447
58464885
58467425
58470326
58489295
58498250
58527030
58527640
58537949
58540930
58550771
58551852
58552334
58558587
58568613
58577783
58600978
58602283
58603535
58635285
58639846
58646667
58688400
58701912
58705674
58708281
58710426
58737521
58740131
58749585
58752052
58756545
58762551
58781910
58788775
58796930
58820927
58824970
58825575
58860197
58861085
58866252
58876484
58882155
58914032
58925525
58941495
58956451
58961576
58970839
58984910
58989022
58989055
58991458
58998807
59001713
59010897
59010915
59012803
59028507
59031798
59032109
59036382
59037084
59037154
59040026
59046670
59059511
59065486
59068262
59072645
59099185
59164199
59166813
59190778
59196618
59208873
59224058
59244547
59275493
59285056
59286016
59286320
59298266
59305417
59309158
59336455
59414595
59419770
59429758
59444067
59458171
59466065
59467539
59471748
59474349
59478026
59499613
59501596
59509705
59510696
59515902
59517751
59523279
59527209
59533912
59534209
59534904
59539110
59542492
59551388
59569832
59580303
59610862
59615186
59620109
59622106
59622446
59630559
59631530
59639807
59642623
59656163
59658198
59665315
59668517
59679228
59684150
59694976
59706090
59710385
59742489
59749128
59754685
59758385
59763921
59778661
59780087
59782532
59806526
59826151
59830685
59839779
59853010
59864010
59870298
59914793
59917873
59918045
59920254
59920990
59921193
59929032
59933535
59942685
59946224
59953528
59967533
59984912
59987086
59995128
60009057
60026886
60033791
60048784
60062091
60067238
60067661
60068270
60069902
60069998
60071557
60080115
60083202
60101095
60107754
60119561
60120196
60121285
60140693
60147020
60157408
60180149
60198761
60209135
60219142
60220045
60220826
60231290
60236923
60242064
60255151
60259363
60265245
60267381
60272176
60280892
60280899
60284365
60294370
60295764
60305154
60320665
60328159
60337983
60346642
60363998
60388642
60397553
60408211
60409472
60436936
60450300
60454402
60458393
60472906
60477057
60495155
60496465
60499392
60511100
60517418
60525599
60545663
60552196
60556249
60557462
60565447
60581670
60598858
60601197
60604466
60636043
60657405
60663530
60666590
60669593
60683570
60698182
60711962
60739507
60752863
60765555
60777533
60781800
60789219
60808687
60819490
60820142
60825136
60841676
60878739
60889030
60892226
60894031
60900468
60906741
60920707
60921892
60926221
60936629
60971324
60979264
60982144
60984208
60985798
60988772
61009837
61033051
61033052
61045926
61053410
61076945
61082911
61092527
61092568
61131944
61149670
61159655
61175625
61203239
61228806
61234055
61251593
61274253
61290480
61300357
61317773
61335468
61340678
61349702
61352755
61353416
61357251
61358737
61374594
61377365
61389125
61404192
61410812
61417311
61419492
61426371
61434451
61455630
61456336
61458751
61484490
61486446
61488571
61501329
61508755
61518747
61525182
61543839
61552354
61555565
61601129
61617330
61680079
61680206
61706099
61707982
61711779
61728508
61750979
61769217
61784553
61786114
61790083
61791151
61796336
61817844
61825805
61829109
61845206
61846945
61849079
61857742
61877497
61879959
61882572
61882740
61889075
61903908
61911962
61912553
61915060
61918348
61940780
61944607
61961296
61962068
61986497
61994433
62022598
62027588
62038641
62069070
62072749
62082668
62098963
62100589
62107626
62126681
62133004
62133143
62174229
62177334
62182969
62187610
62223650
62234484
62236020
62237031
62248829
62252739
62263478
62287100
62287768
62288174
62323474
62328390
62328582
62331951
62332169
62335301
62344020
62345299
62348229
62355796
62379208
62396964
62397313
62402171
62403368
62404292
62431430
62451522
62453670
62467336
62467885
62472271
62475997
62479208
62493563
62496826
62501750
62502525
62521910
62527774
62541184
62542497
62565120
62585229
62590797
62632994
62633087
62649558
62654729
62669818
62673942
62675668
62675867
62675974
62692929
62693854
62712729
62716812
62720304
62729090
62740657
62745286
62759304
62762077
62769484
62772687
62795218
62797671
62798804
62800905
62817406
62823603
62833200
62840127
62844129
62854472
62859267
62875893
62879928
62897643
62898902
62906875
62910642
62917729
62918138
62922899
62932716
62944933
62966462
62978404
62979320
62991310
62995253
62999954
63032589
63042796
63050041
63057336
63119241
63121527
63136811
63137228
63138644
63141674
63142663
63146424
63176953
63177854
63179139
63183100
63196226
63201731
63208025
63219224
63223405
63230907
63244918
63249327
63252276
63252904
63279426
63298835
63307946
63310268
63313480
63315018
63343675
63357531
63361070
63377050
63436861
63449733
63456236
63456848
63459285
63479050
63483550
63522052
63534059
63547327
63550317
63552563
63555233
63556142
63558064
63571168
63597425
63598710
63599556
63599862
63624891
63627694
63637251
63641876
63655853
63675621
63675645
63687199
63718603
63721607
63733254
63734477
63747258
63751802
63758733
63761906
63769129
63769873
63796950
63803340
63812116
63824900
63878707
63891744
63897885
63914768
63921125
63945746
63951318
63972277
63989750
64008876
64009092
64016585
64021062
64040747
64044802
64047639
64058467
64069682
64080208
64085419
64097995
64099700
64099797
64102899
64107680
64113468
64115685
64120967
64135230
64138487
64164041
64164522
64188499
64201532
64202180
64207066
64208388
64210095
64211925
64231144
64246768
64252725
64273378
64277080
64300449
64310259
64312793
64320403
64331396
64340280
64355634
64363219
64368148
64380023
64385279
64387209
64389861
64393255
64434916
64448024
64462368
64467016
64480423
64484744
64485228
64494673
64504074
64515134
64535472
64539887
64554031
64565123
64567152
64593391
64599631
64607756
64623528
64628649
64628694
64629465
64635676
64637745
64646958
64648446
64654160
64654455
64659430
64661062
64665578
64700260
64704700
64706322
64719620
64720128
64731642
64735049
64752454
64755063
64767381
64771068
64788275
64797301
64807190
64834075
64877562
64885831
64887000
64890371
64890919
64893942
64929301
64939123
64961630
64979552
64986726
64994642
65004868
65004968
65009457
65011192
65018502
65020481
65030446
65042948
65044642
65051888
65055863
65060300
65068834
65069162
65078079
65086712
65102449
65103993
65110763
65112821
65123762
65133400
65150013
65164749
65184853
65191311
65205212
65206171
65208436
65217295
65223101
65230393
65235121
65250571
65251460
65303474
65303545
65321447
65338344
65341306
65344387
65357051
65359607
65361191
65375608
65383812
65384853
65406702
65417066
65431842
65433533
65448179
65449555
65468502
65469623
65479077
65479806
65490454
65499101
65503722
65504590
65522528
65550582
65558716
65561608
65587978
65608313
65617192
65632292
65687248
65695072
65699880
65704365
65718297
65719512
65723785
65731184
65744524
65791541
65801089
65805992
65822894
65835384
65841699
65842293
65847469
65862541
65873412
65898547
65903333
65909047
65922695
65927668
65940279
65942163
65959947
65979676
65984178
66011767
66025328
66032812
66035747
66062283
66076332
66087034
66092308
66096903
66101321
66108781
66119604
66160208
66192823
66196644
66200652
66220820
66226706
66227473
66260217
66265103
66269699
66291259
66331012
66352374
66354977
66365108
66377476
66394227
66399435
66418564
66431304
66436574
66439275
66439768
66440992
66446077
66460945
66464223
66487014
66492574
66500314
66532120
66548788
66548957
66570671
66571060
66586512
66618396
66628457
66641400
66658553
66690351
66701629
66712347
66721464
66740213
66746785
66749560
66750460
66750634
66768295
66772718
66775033
66782761
66784597
66785156
66818210
66844806
66855080
66858441
66880281
66894544
66899280
66901194
66914337
66931182
66941157
66945087
66961551
66970707
66980576
66981121
66993259
67000732
67001801
67013830
67022690
67033796
67047326
67053705
67065937
67092050
67099831
67108219
67111494
67116896
67133993
67156376
67158582
67174484
67175882
67206561
67208904
67222638
67238606
67249333
67255918
67258315
67258864
67260225
67263121
67263152
67274701
67289404
67310060
67310064
67311615
67320997
67321869
67331590
67346103
67362399
67365627
67392956
67394392
67399577
67407670
67411638
67417549
67432592
67433620
67456059
67468710
67479493
67494021
67519691
67527385
67532186
67535747
67536405
67545764
67578079
67608667
67643903
67645125
67645708
67646229
67666407
67672740
67679118
67688731
67700567
67702911
67703769
67708914
67709526
67711712
67716947
67720801
67723771
67724322
67725998
67751391
67763016
67766754
67769058
67781583
67789699
67795928
67796406
67800563
67801219
67806096
67811831
67844345
67846272
67847138
67847626
67861165
67866510
67875199
67875591
67883983
67884841
67891272
67898829
67899977
67909520
67947390
67954150
67995503
67995852
67996411
68000363
68004296
68007637
68015469
68021235
68040111
68045723
68047183
68050458
68058930
68125476
68136121
68139838
68145527
68150727
68160085
68162802
68166681
68166891
68169562
68171601
68206692
68207655
68220389
68228144
68253946
68272602
68291114
68305189
68321863
68353352
68365758
68373218
68393659
68406382
68407301
68425182
68430336
68435618
68437049
68440428
68441587
68447834
68457753
68472998
68480717
68492806
68507879
68516825
68521709
68522991
68532832
68559111
68559181
68579230
68594604
68596045
68599674
68600368
68606744
68610546
68611641
68613690
68622113
68627238
68627464
68637720
68642777
68680318
68684180
68704610
68708842
68711564
68722485
68737400
68747439
68756968
68763744
68776385
68777905
68799679
68800314
68810403
68822673
68850791
68877415
68878845
68885255
68897496
68904249
68911062
68925992
68926974
68928259
68937587
68952467
68960895
68962014
68979426
69011746
69014766
69016599
69020100
69021998
69023261
69025912
69025980
69032003
69033503
69035980
69098730
69099485
69101917
69102286
69147885
69149474
69154500
69172134
69202510
69203371
69209460
69256799
69256989
69277291
69290673
69330685
69342743
69367870
69371493
69385686
69403294
69421373
69433234
69434601
69451468
69463723
69483739
69496697
69519433
69527840
69531097
69531815
69537050
69543159
69569011
69571539
69575311
69585493
69601269
69602779
69608124
69621896
69648395
69661500
69662109
69667244
69688900
69689137
69689474
69704473
69708297
69720932
69731478
69744366
69749204
69766174
69776399
69801695
69808298
69823552
69824145
69832746
69840651
69861962
69870388
69871452
69882808
69899903
69909213
69927274
69930253
69954895
69967871
69970101
69990700
69992161
70018335
70020920
70031622
70079947
70088648
70094674
70109747
70115393
70120104
70149170
70158345
70162877
70177417
70186124
70190588
70197142
70210340
70228929
70233564
70249416
70261185
70272797
70272855
70280761
70283056
70285920
70298444
70301302
70338414
70342908
70344479
70349091
70352095
70362484
70380185
70381513
70385990
70390183
70443445
70444424
70456685
70456937
70483319
70511314
70524425
70541139
70550696
70561660
70581822
70608320
70610722
70615600
70629180
70632946
70633235
70652752
70657472
70667831
70689230
70690615
70690757
70693178
70700103
70722970
70725120
70728146
70739373
70741633
70748148
70748834
70750924
70791574
70800210
70826703
70828831
70836316
70842844
70863628
70878486
70879038
70885210
70893887
70908487
70909780
70910603
70911434
70918774
70925882
70937791
70945680
70953273
70957046
70958684
70961947
70989040
71001101
71016948
71022584
71057060
71063886
71075302
71076342
71088084
71090507
71091922
71102948
71117995
71118959
71120322
71123497
71147601
71151730
71170219
71205781
71205792
71227011
71236373
71246803
71273779
71283563
71286018
71298997
71314778
71322145
71323221
71328773
71339104
71350430
71353107
71353262
71357806
71364984
71405187
71407701
71409837
71431240
71451483
71452550
71458072
71458424
71468172
71470625
71480410
71503194
71517457
71525190
71525194
71529876
71531266
71551392
71552199
71552579
71560773
71569794
71577990
71586431
71588262
71589067
71589873
71593992
71599815
71601163
71624948
71636088
71637003
71652137
71655253
71670073
71673296
71675442
71679315
71682692
71689690
71699441
71699592
71701834
71707796
71712323
71715225
71716652
71729976
71741162
71769330
71801775
71804993
71827779
71851792
71867164
71867218
71884293
71891123
71894500
71902529
71908494
71910466
71931511
71934209
71935294
71936319
71940128
71960840
71960928
71963754
71964595
71972536
71972772
71992153
72002111
72009020
72023630
72030686
72054561
72066867
72083989
72091849
72120384
72126296
72127900
72127931
72128250
72140104
72153420
72154682
72154727
72160105
72168006
72170953
72176317
72176705
72181881
72195873
72203947
72213082
72261671
72319165
72341112
72354423
72356590
72368471
72384406
72387552
72409020
72424165
72466328
72473024
72474315
72481402
72483406
72487407
72489623
72532517
72534252
72539412
72541088
72541535
72542583
72544411
72546534
72557904
72568686
72577154
72580035
72593064
72600707
72606251
72611534
72617481
72624750
72654437
72659271
72660502
72710240
72715657
72724944
72730014
72730133
72733531
72739511
72743406
72751119
72757832
72769605
72771546
72776093
72792087
72793270
72851926
72860289
72861355
72864070
72880849
72881821
72886251
72901563
72903424
72912052
72921560
72924278
72932392
72952330
72963013
72965466
72966987
72983529
72990163
72996267
73005640
73016737
73018398
73024642
73041215
73042226
73076010
73091046
73099127
73106189
73123859
73130168
73143190
73153640
73157071
73160734
73177614
73212266
73212309
73216975
73222549
73228350
73244477
73258225
73260368
73262063
73282736
73292014
73302654
73309354
73324783
73327100
73328791
73344726
73353192
73361533
73362058
73368013
73383457
73395690
73426663
73428672
73431692
73445853
73447797
73449488
73465559
73488870
73494090
73498385
73514983
73531779
73566454
73572552
73573130
73592489
73599226
73601461
73613155
73613611
73615090
73640954
73649873
73650771
73656958
73657854
73658328
73708687
73709799
73710333
73750821
73750878
73764993
73766446
73775517
73784011
73798355
73799116
73799453
73814186
73814965
73847562
73867235
73869364
73873036
73873247
73896306
73912412
73925645
73930894
73939216
73943119
73949031
73950028
73954143
73976157
73983965
73986540
73991279
73992133
73993084
74002324
74002851
74009949
74010225
74021585
74031804
74033546
74043445
74051247
74076347
74082706
74105097
74109199
74110957
74122321
74136481
74141323
74147790
74157789
74166774
74167793
74171485
74174125
74186361
74195415
74201759
74206764
74215601
74224888
74230865
74231906
74272085
74277071
74286946
74300692
74306844
74313086
74341683
74356867
74361071
74369173
74376001
74386109
74387538
74392110
74398875
74410018
74423064
74448565
74453850
74458641
74468441
74473175
74474413
74487449
74487678
74495703
74497725
74535520
74543785
74559243
74573784
74576982
74577585
74582095
74582544
74582745
74606915
74609507
74618924
74623653
74633076
74645328
74699522
74717643
74721688
74722094
74731102
74735903
74751139
74755806
74757823
74764905
74765446
74774055
74777893
74779567
74807665
74808858
74818840
74822808
74843079
74846891
74851998
74859835
74862297
74864004
74867038
74877334
74885210
74889183
74891246
74910471
74926206
74943875
74949265
74953023
74964303
74965337
74975268
74998883
75005954
75013760
75013802
75022198
75032265
75032439
75034616
75035832
75063348
75066751
75078937
75080670
75091444
75099299
75099573
75109466
75110887
75112110
75120704
75131039
75131213
75148267
75149186
75163201
75175919
75176834
75178024
75213180
75214094
75225685
75229692
75255030
75255086
75255359
75255799
75273759
75286211
75288818
75293973
75297764
75319809
75331037
75340849
75357667
75368291
75382533
75382961
75390668
75395522
75411487
75416128
75417555
75424448
75431428
75431649
75436245
75448748
75468057
75469754
75479478
75492476
75495373
75499026
75506361
75511289
75517202
75519560
75539733
75543324
75548909
75576205
75587466
75592011
75593078
75613537
75631502
75639533
75642599
75690879
75697424
75702873
75704249
75725061
75725160
75726708
75753578
75773247
75775055
75780092
75782724
75789871
75796814
75805190
75816551
75829368
75849050
75851972
75859793
75861093
75863367
75884705
75888946
75894360
75902382
75930463
75932582
75950927
75962068
75970553
75973441
75993089
76004420
76008261
76011339
76016208
76018362
76030209
76031330
76033794
76037208
76043597
76047887
76054683
76055139
76063179
76083986
76094032
76117495
76121479
76127488
76141004
76151278
76156258
76165309
76167012
76203934
76208659
76208688
76215576
76217448
76228638
76231242
76234635
76252665
76252834
76265140
76271939
76291515
76299011
76311295
76321876
76327648
76341692
76348563
76371390
76377437
76377807
76382448
76383797
76386409
76387193
76389236
76389312
76393974
76396067
76397319
76410852
76417724
76447790
76489858
76516312
76518577
76523114
76531243
76542436
76546153
76567961
76578849
76580585
76580674
76607755
76625937
76640510
76652419
76667414
76681466
76681815
76687528
76691356
76695749
76700204
76711192
76719662
76727306
76737721
76738448
76740452
76774547
76778097
76780203
76788153
76795130
76804767
76821415
76823630
76826684
76829740
76851009
76857220
76862309
76866414
76899118
76918689
76925327
76931516
76955811
76974286
76987826
76990367
76990506
77004414
77006806
77007457
77013462
77024532
77032511
77040595
77051816
77054313
77068067
77080863
77101013
77120502
77124892
77163957
77179280
77179363
77184863
77192145
77203700
77226505
77227083
77229711
77231642
77242656
77269581
77272493
77278910
77285856
77301277
77303197
77311521
77317245
77339164
77339224
77372513
77379493
77384294
77386080
77393018
77393616
77407036
77418534
77419996
77429548
77435520
77436314
77442143
77479868
77513371
77522602
77537272
77543178
77553946
77578020
77587323
77600876
77601928
77639878
77661107
77671976
77689537
77689668
77697152
77697229
77726188
77733335
77755453
77757568
77761217
77774860
77774995
77779113
77794753
77798385
77799572
77803726
77823987
77835228
77836595
77851191
77858430
77876562
77884009
77888191
77897077
77903297
77917694
77918048
77934735
77941479
77950204
77950580
77955979
77969132
77983852
77985218
77988750
77997423
77998347
78002280
78020495
78027942
78032029
78034659
78038598
78039937
78041207
78044074
78063077
78072286
78088503
78096058
78107712
78124010
78137611
78149757
78152484
78154567
78155140
78160542
78180723
78186245
78187696
78201859
78213055
78237122
78247287
78249980
78256020
78256764
78261371
78262006
78267265
78286452
78324757
78327028
78340023
78342366
78345548
78345562
78346538
78349250
78351723
78363048
78367955
78382812
78394315
78402055
78403296
78410682
78431386
78432149
78438272
78450560
78466447
78469497
78479764
78488909
78489663
78506497
78508331
78513960
78520166
78520808
78522270
78529536
78532236
78535731
78541483
78544110
78551569
78553724
78567084
78587824
78588216
78590858
78591932
78600897
78617397
78631784
78632714
78639600
78644722
78654253
78657893
78662605
78663693
78664045
78667928
78676962
78708228
78709265
78711138
78749665
78754389
78758185
78763340
78763780
78764167
78780660
78794641
78808858
78814964
78834023
78844449
78847982
78852266
78853598
78858321
78860468
78869398
78876469
78879883
78892253
78911937
78944046
78969677
78978433
78981474
79000474
79003526
79006605
79009734
79009977
79015263
79019696
79029488
79030568
79059658
79078752
79088683
79114518
79124165
79133046
79148560
79151690
79167627
79169207
79178725
79180450
79180653
79188106
79207056
79222326
79244787
79246727
79251003
79271185
79326906
79336870
79337643
79339666
79340254
79340894
79368546
79375482
79404208
79407392
79409072
79414111
79435168
79435215
79439215
79443929
79444268
79453963
79458821
79459245
79468662
79469543
79483397
79496625
79518496
79520622
79521121
79554068
79563475
79564204
79565399
79565407
79568706
79575815
79578151
79599351
79599960
79601085
79602143
79613948
79626454
79630327
79631491
79648646
79649641
79661536
79684357
79685968
79696562
79716108
79745137
79770144
79787420
79792334
79793428
79798633
79802927
79805261
79810389
79811357
79815870
79818568
79848174
79859283
79861752
79865886
79880922
79909996
79917051
79926218
79944909
79950057
79957765
79964027
80010103
80012929
80018011
80019473
80020468
80031449
80080338
80087646
80110275
80138091
80150720
80196950
80213492
80219925
80225097
80240343
80271457
80272364
80273509
80292792
80293854
80294726
80312341
80313058
80322247
80322374
80337841
80377210
80386113
80400626
80401794
80408627
80432626
80434869
80440898
80441020
80446014
80461611
80477370
80479443
80480752
80488019
80490411
80490520
80492389
80498280
80499839
80507141
80511902
80557758
80565531
80580591
80599054
80601189
80609793
80615414
80619251
80625153
80626576
80628968
80630904
80634840
80675924
80676747
80677645
80690478
80690792
80708218
80708467
80720491
80733948
80746476
80749669
80758454
80759899
80762341
80762659
80780136
80813960
80815818
80846933
80864202
80882807
80885457
80888930
80889630
80902500
80906853
80916225
80921956
80927812
80929356
80941031
80950524
80968919
81004545
81006461
81010327
81010444
81017582
81032851
81042706
81065249
81079156
81081338
81097782
81105026
81105047
81106842
81115145
81117486
81120931
81124630
81125608
81129745
81136332
81138123
81139906
81152089
81160035
81164715
81166810
81172323
81183602
81185627
81186559
81187465
81192261
81205460
81222985
81241306
81242897
81247068
81249913
81253687
81272713
81280039
81286844
81288615
81295939
81312159
81327064
81335124
81337993
81355344
81370696
81385635
81390970
81412913
81412935
81437061
81448410
81449221
81463151
81466483
81467455
81475255
81476514
81482854
81483680
81487644
81488250
81491452
81496916
81522659
81523376
81531235
81577302
81582219
81585383
81592292
81594296
81600740
81606240
81616559
81634761
81671940
81679554
81710529
81720548
81724933
81733862
81739699
81747467
81750684
81787990
81790388
81797324
81797732
81806668
81808355
81837457
81842203
81844045
81852755
81863253
81882942
81916558
81917674
81926927
81930432
81949002
81962513
81971483
81993328
81996776
81998753
82000235
82026914
82028569
82040085
82044795
82047897
82054091
82061182
82070142
82073816
82103521
82108945
82134068
82138957
82140998
82142049
82149141
82159499
82191815
82201297
82208034
82210887
82228516
82236108
82250059
82252558
82258730
82266269
82270048
82274174
82283158
82285576
82291229
82293726
82302099
82319077
82358722
82360068
82376355
82380886
82386436
82395064
82421807
82436803
82446648
82466177
82474565
82485683
82494386
82518168
82561613
82566785
82573152
82592450
82602426
82602615
82609609
82620595
82621420
82627322
82629344
82634828
82659543
82669115
82676819
82677213
82680374
82680554
82680591
82686313
82690933
82709435
82722743
82742221
82742906
82743185
82757641
82786939
82800001
82800076
82806879
82818826
82856310
82866248
82871057
82879124
82881780
82899304
82911791
82915294
82917046
82938921
82944473
82979575
82987838
82987984
82999203
83025416
83040625
83071668
83094839
83118291
83125345
83143598
83147547
83153582
83155442
83167519
83183965
83204162
83224456
83261448
83269168
83278400
83288692
83293580
83326280
83337043
83347066
83363083
83380045
83385009
83468387
83469704
83474699
83486547
83488649
83530756
83539654
83540166
83543931
83550790
83551448
83563580
83564718
83574515
83594178
83598405
83612341
83613847
83623500
83625626
83634107
83635089
83637743
83645191
83646042
83650266
83652997
83663792
83690937
83698955
83700846
83709953
83712059
83712842
83714497
83743265
83749239
83752031
83757588
83764640
83769717
83771560
83773629
83783224
83788953
83796909
83801004
83801317
83809965
83818006
83839108
83849120
83874590
83875288
83880243
83912779
83914798
83926616
83928889
83929767
83935491
83939954
83953941
83957629
83959641
83960871
83968402
83996357
84007650
84019670
84025387
84036335
84037557
84075924
84094864
84096939
84105944
84113483
84128662
84148375
84153501
84169803
84210547
84217667
84219175
84222525
84231873
84237076
84248235
84254755
84263041
84275266
84278438
84280485
84281028
84287671
84287733
84297728
84299941
84313769
84317215
84320928
84331127
84332329
84356844
84396299
84396829
84400627
84409598
84427212
84428233
84429835
84431936
84447307
84453307
84455616
84488582
84489829
84512655
84522424
84532387
84535838
84548577
84549307
84560374
84585185
84596743
84614823
84626390
84632378
84635217
84646262
84657544
84663896
84666185
84691657
84694328
84696164
84698900
84709476
84711892
84725388
84729612
84735738
84749947
84751715
84782408
84791400
84791806
84798488
84801538
84803701
84812542
84830214
84844580
84878404
84880590
84881219
84890583
84908626
84922092
84923276
84936228
84936932
84945364
84947133
84957956
84963210
84965671
84995522
85002943
85036399
85041417
85041596
85065901
85066303
85078701
85085233
85086919
85092786
85094397
85110746
85138764
85146642
85155381
85176806
85181175
85215389
85232893
85237496
85264140
85266497
85267952
85278006
85278642
85294802
85310544
85312237
85316225
85318390
85324010
85338115
85347180
85354547
85356293
85373925
85374514
85389357
85403175
85409057
85421633
85430582
85440048
85473129
85485900
85489802
85497161
85519603
85526470
85546726
85560305
85579408
85595501
85626786
85628948
85636479
85638469
85642023
85644817
85653951
85657066
85661509
85667862
85678251
85685418
85695308
85705974
85711847
85715009
85716000
85723199
85728838
85730994
85734504
85735695
85746869
85748315
85761361
85769902
85784948
85787461
85791779
85795727
85801968
85813343
85821961
85835655
85856669
85871390
85875698
85876339
85885465
85920360
85939007
85948678
85951732
85959496
85994643
85994714
85998642
86000726
86032709
86037236
86044396
86050009
86056368
86069072
86074100
86075849
86082491
86086188
86091081
86122062
86132290
86137179
86189266
86207179
86210697
86216668
86253187
86275586
86286178
86288032
86292015
86300839
86307344
86309495
86313386
86314578
86315510
86320863
86335790
86358479
86358981
86374253
86378197
86396652
86408946
86416184
86428265
86441724
86458415
86529706
86539378
86567657
86577966
86589271
86605044
86605265
86614521
86632982
86633459
86640387
86644183
86644321
86661023
86676160
86683289
86685357
86693307
86711714
86718108
86719953
86729248
86732474
86739151
86745107
86749916
86752335
86757452
86758754
86781276
86793016
86795244
86806574
86808602
86811235
86828413
86836992
86841103
86857561
86858592
86874794
86877934
86887124
86895108
86895185
86910452
86915532
86915643
86922374
86928310
86928329
86931369
86960255
86970405
87031443
87046049
87057747
87059954
87075147
87076703
87077647
87082205
87096055
87099815
87102161
87106835
87119126
87119336
87126528
87132267
87134064
87146361
87153827
87170186
87176726
87178871
87225545
87236218
87252817
87253061
87259549
87264113
87280554
87288266
87297929
87298535
87304805
87304916
87319014
87327853
87369244
87375358
87376285
87384593
87385530
87397041
87413596
87414812
87419374
87424288
87468608
87490935
87498687
87520269
87550331
87562244
87575844
87585156
87589947
87612082
87620726
87622604
87627635
87628654
87634932
87640140
87654943
87693241
87699525
87700890
87702268
87710053
87710775
87714992
87716003
87737270
87737354
87744029
87787465
87787691
87791364
87793124
87804311
87848331
87849326
87853997
87854820
87861537
87888484
87909975
87930782
87933189
87939981
87955815
87958682
87961202
87961935
87965571
87969735
87982205
87983804
88022981
88032422
88044121
88044373
88047067
88054712
88067001
88075694
88082475
88083142
88090440
88091688
88098602
88101518
88103929
88108133
88127528
88131119
88178351
88190213
88202550
88216085
88230735
88232225
88234430
88249345
88255494
88265868
88280072
88326859
88352847
88356121
88372228
88380491
88393895
88398063
88401343
88409802
88418721
88436783
88443487
88443734
88489039
88489847
88491397
88503188
88504243
88513467
88530149
88545122
88549444
88551442
88551805
88554784
88555254
88569322
88574826
88577688
88594190
88617504
88621430
88632985
88635126
88638646
88642132
88681879
88682148
88682861
88695485
88715834
88717318
88732442
88739230
88758572
88771217
88802124
88802402
88809844
88828942
88834385
88849406
88863309
88869365
88873538
88884555
88887481
88895320
88911020
88915600
88921993
88928743
88945679
88948758
88966726
88979608
88992364
89025047
89030346
89036109
89039836
89050491
89053999
89055573
89060281
89070942
89080389
89103588
89114953
89116702
89148169
89149273
89157856
89166244
89179778
89185232
89196614
89204625
89208842
89221354
89240366
89255528
89256880
89258632
89268385
89272573
89288183
89300816
89328504
89331009
89346244
89365299
89374501
89382439
89405064
89412774
89416973
89418427
89423942
89426338
89432697
89433566
89448175
89470031
89488468
89492382
89498832
89500467
89503907
89517205
89519012
89525459
89528289
89558614
89623607
89681316
89686729
89687309
89688980
89690511
89691001
89695186
89716874
89717257
89718988
89734246
89742035
89748989
89761706
89768134
89782828
89799522
89803049
89815121
89816267
89817394
89821278
89829873
89837036
89839446
89844018
89844195
89847986
89848368
89867571
89895001
89895329
89909578
89924359
89928751
89960551
89967918
89970451
89976443
89978464
89996262
89999329
90003682
90004612
90041872
90049048
90050063
90051069
90066297
90072272
90076131
90113050
90116623
90122816
90134371
90147142
90155625
90161480
90165776
90168334
90181786
90192413
90202368
90206652
90223468
90231567
90235321
90237756
90269133
90281127
90287722
90291149
90338463
90339806
90347903
90361175
90395707
90399872
90406145
90409502
90423824
90438470
90451251
90452472
90458416
90461758
90466950
90473982
90500075
90501692
90514431
90527252
90540919
90561235
90598942
90614593
90640672
90646344
90652048
90658140
90697132
90700606
90729628
90730777
90752801
90782728
90784655
90798306
90803703
90805699
90847783
90888301
90904938
90906159
90913059
90921061
90921719
90927789
90932361
90938087
90941637
90945092
90948430
90956218
90958768
90964934
90966552
90967826
90978081
90999763
91016645
91039621
91047525
91047820
91080093
91092772
91096164
91126548
91143472
91150416
91157624
91184513
91204067
91204410
91216424
91232740
91245512
91246962
91254085
91254821
91272606
91294223
91297799
91303689
91315300
91321483
91328556
91337676
91362069
91397705
91401080
91402792
91419111
91422780
91425876
91427723
91458689
91468510
91476125
91486988
91490394
91490597
91503818
91507207
91509680
91519275
91519403
91536722
91537298
91545960
91559951
91578830
91592167
91598301
91608928
91627968
91634853
91642564
91663243
91665543
91666419
91672462
91686224
91691204
91692425
91695085
91697027
91723922
91724032
91725330
91738812
91752957
91756966
91777716
91782023
91783537
91799043
91806986
91815803
91827888
91832384
91833495
91839413
91839874
91855071
91867941
91872842
91876809
91886057
91888549
91899669
91905489
91908283
91911828
91945285
91952931
91960842
91961637
91964390
91968221
91971969
91983418
91986564
91987292
91990478
91995955
92014370
92034801
92043837
92066135
92070522
92079873
92083645
92083970
92091802
92093024
92105942
92118827
92125328
92140665
92143432
92155631
92158925
92175820
92180662
92181383
92205561
92210640
92235590
92240742
92261286
92271378
92290570
92295407
92298669
92299101
92312383
92339368
92358767
92362485
92371954
92383133
92385203
92387840
92412792
92431784
92447047
92456680
92482371
92484563
92491542
92510456
92520734
92522667
92539322
92544663
92556517
92573755
92577611
92578020
92586759
92596072
92603693
92604998
92619607
92627139
92628162
92638359
92638615
92643480
92647316
92657452
92665054
92670590
92673090
92681780
92691502
92692062
92703552
92706154
92708472
92712646
92717893
92725399
92744739
92747037
92747369
92750471
92751307
92761005
92763174
92782754
92789239
92802999
92815689
92821524
92824403
92835031
92843935
92864535
92865004
92876909
92891589
92893095
92902903
92914705
92917305
92944445
92947059
92947253
92976655
92986240
93015119
93022942
93027739
93054780
93056834
93070193
93077310
93079299
93100875
93106469
93114639
93126920
93137416
93143954
93148255
93157012
93162593
93181974
93189764
93192671
93204663
93207047
93210598
93222139
93224874
93228244
93228974
93231491
93263251
93274355
93279579
93298654
93339901
93340793
93345823
93362234
93421909
93446078
93455983
93457729
93467258
93470236
93481284
93501460
93504658
93505862
93510148
93514710
93514725
93519115
93530396
93530490
93553603
93559668
93560077
93564672
93567929
93574639
93579242
93582892
93586665
93608796
93632521
93660003
93661487
93662401
93673854
93679130
93683183
93684747
93692462
93694445
93697707
93699093
93703199
93711809
93738465
93739462
93746358
93758593
93765698
93769123
93769769
93782116
93788085
93800673
93810323
93812056
93829719
93849695
93852918
93854865
93856965
93858548
93861848
93865432
93869046
93877342
93878644
93889568
93908477
93920593
93925682
93938683
93948720
93960116
93960766
93978593
93984617
93986356
94000685
94014697
94026749
94032478
94036080
94037389
94055390
94062286
94068933
94075269
94104120
94132128
94142846
94145102
94168244
94173963
94175049
94197570
94199992
94208122
94211709
94245083
94249607
94252225
94271010
94284761
94289474
94291589
94302327
94325148
94329161
94348656
94358696
94396744
94403849
94415466
94416791
94438009
94443771
94469940
94473721
94489684
94512762
94530257
94534128
94538604
94552404
94575387
94587313
94589128
94603967
94610275
94624412
94637232
94648963
94653693
94656670
94657557
94657934
94659656
94660907
94670100
94676835
94694274
94697857
94726939
94728554
94729711
94738205
94741372
94741615
94758740
94759692
94768513
94775762
94785686
94792014
94797250
94798625
94814394
94817950
94822941
94833016
94850271
94853368
94879924
94884076
94886381
94888840
94898163
94899643
94908244
94913659
94924767
94929184
94938041
94942607
94943756
94956079
94986391
94995734
95007591
95016995
95042892
95048323
95052364
95055779
95062647
95085070
95085936
95112849
95117531
95119559
95132684
95137556
95169448
95184753
95187975
95196503
95212430
95221163
95232127
95277038
95279846
95313953
95317367
95323951
95338499
95341910
95372783
95393562
95394591
95416203
95444201
95445207
95450992
95478366
95482502
95484794
95491605
95497956
95498466
95522364
95535829
95547650
95548615
95556654
95562200
95591644
95594352
95600371
95620721
95624496
95626434
95649729
95674878
95687897
95700094
95703973
95704296
95705207
95712066
95725919
95739713
95744842
95752469
95755108
95804227
95804514
95820118
95823431
95826092
95839355
95883875
95921433
95928621
95936095
95951975
95965640
95995977
96000398
96011888
96027940
96034449
96048764
96079782
96083995
96091176
96110908
96111579
96117437
96121674
96130937
96140391
96145618
96150365
96157456
96167965
96175160
96178117
96180835
96182621
96186602
96186867
96205006
96208815
96214233
96246133
96247759
96258031
96261889
96262609
96293340
96302440
96305495
96316858
96318127
96341695
96349169
96358078
96368722
96369102
96404215
96408417
96416440
96419227
96427426
96430836
96445070
96446234
96448269
96448950
96456069
96462841
96464485
96482585
96515311
96553643
96567987
96596218
96611150
96613254
96616349
96623181
96627756
96645596
96646491
96650576
96662468
96684082
96684119
96716645
96744620
96749275
96752920
96757267
96767722
96778254
96788428
96802686
96805509
96824037
96829329
96851204
96856255
96857025
96903337
96906638
96907580
96911448
96916728
96958171
96967141
96983523
96995659
97004353
97019292
97026334
97061898
97062797
97099064
97104749
97110675
97123030
97130562
97130567
97131919
97134868
97142914
97145140
97154327
97162892
97170861
97199171
97212641
97213101
97214686
97237678
97250038
97253460
97259092
97266646
97282728
97288496
97292855
97300543
97308391
97312610
97314971
97336710
97340280
97349083
97349725
97356108
97357379
97359359
97359755
97371197
97392477
97401628
97412411
97415471
97416044
97418521
97431365
97446042
97454673
97490440
97493898
97495017
97501331
97531218
97534313
97556455
97565404
97607160
97622129
97641721
97649098
97649247
97688973
97703333
97727047
97729421
97732199
97738183
97741574
97743995
97751506
97756716
97759986
97760001
97767111
97775875
97781891
97800500
97803482
97817537
97822199
97836743
97840435
97846988
97922474
97926925
97938362
97947244
97951247
97951951
97961620
97968225
97973921
98007758
98035682
98036952
98045563
98054893
98059923
98062443
98084778
98090276
98090884
98106270
98110941
98116477
98136567
98141485
98158222
98166139
98177215
98182492
98185054
98202065
98205564
98209255
98211887
98233279
98274103
98275472
98279006
98279346
98280278
98284503
98285385
98292539
98303536
98306686
98312516
98315509
98322457
98322649
98323055
98323119
98327991
98328371
98345219
98375159
98396725
98400791
98417968
98423735
98424011
98426572
98454859
98472298
98477877
98500961
98511506
98514165
98519243
98534534
98539203
98546873
98574101
98586308
98594542
98594774
98610293
98611700
98614443
98617491
98651276
98663416
98665424
98667525
98669870
98679174
98703477
98707914
98716664
98723383
98732733
98740571
98749721
98759877
98767846
98783472
98789608
98805999
98807473
98808901
98810006
98821810
98844162
98871961
98883306
98895080
98902613
98908635
98918623
98924067
98934404
98935610
98944003
98948945
98951163
98969471
98973462
98976131
99019786
99020673
99020756
99050051
99051371
99052328
99069276
99071117
99085865
99114628
99140095
99154590
99158118
99175526
99180367
99195263
99203010
99217331
99220303
99245732
99245846
99251684
99254334
99260408
99267926
99276489
99280292
99282111
99316142
99324323
99342824
99344679
99349357
99355940
99361634
99370472
99384523
99406409
99406895
99407726
99417168
99429332
99435511
99437138
99439575
99473441
99476905
99482817
99493912
99508985
99528811
99532739
99544955
99546076
99553322
99559352
99563487
99566094
99596690
99605944
99622522
99638168
99690836
99693966
99706172
99734702
99760786
99764166
99765622
99766409
99771345
99771934
99783320
99797772
99801572
99801978
99827946
99831990
99855650
99859410
99899191
99909103
99916635
99921456
99923630
99944450
99947154
99953956
99978811
99982525
99983162
99987531
99989666
